5000
0.119848
1.10593
1.6365
0.901682
0.208438
0.590302
0.146399
0.912795
0.783488
3.80149
8.04069
4.32888
0.629866
1.29589
3.53782
0.695681
0.780656
1.1084
0.660744
0.657647
2.25424
0.323628
1.50604
0.345243
0.150541
4.98169
1.22919
0.337258
0.630862
1.6628
9.55641
4.0244
0.204628
3.55368
3.32454
3.65722
1.78702
0.628314
0.0360321
1.01874
0.946042
0.000386572
0.274078
0.155108
0.469021
0.337385
1.502
3.43186
1.5353
1.92658
0.718745
1.08688
0.278931
0.675811
0.134512
1.41088
1.75959
0.147746
1.23427
1.85187
2.08027
1.91031
0.426736
2.61723
0.0475424
0.330834
0.405668
2.198
2.02851
0.328497
0.189887
1.4325
4.33514
0.0366651
2.17309
0.940553
0.448074
0.0981786
1.02556
4.02713
1.20244
0.410893
0.871276
5.604
0.17021
1.15042
0.47944
0.129
4.91642
2.66751
1.46503
0.295943
0.220757
2.64818
1.47522
0.781437
0.293631
1.17939
1.64699
0.681698
0.119645
0.140721
0.771002
2.05075
1.677
0.295744
0.0709093
2.65338
0.0962628
1.63231
0.377313
0.107179
0.0344764
0.313072
1.45703
2.00729
0.755512
1.54744
0.50411
3.11291
5.2429
0.95379
1.62362
0.848567
0.913828
0.20973
0.084238
0.461981
0.0134032
0.362012
0.0242101
0.611793
1.79836
1.68987
0.275879
0.980438
0.0181454
0.300186
0.14497
0.679489
2.48534
1.08086
0.275448
2.81466
1.21131
1.49231
1.14643
3.56901
2.44046
0.754462
5.41573
0.383305
0.912033
0.946268
0.704106
0.239841
0.447605
1.38439
0.463154
2.86754
2.43015
1.51212
1.40999
2.33565
2.03721
0.368932
0.806043
0.958529
0.594386
0.432206
0.0563282
1.01399
0.279633
4.18454
3.46098
1.01745
2.26754
0.974833
0.969615
0.45923
0.687562
1.44845
1.46221
0.714028
2.19594
0.0572345
0.279681
0.832405
1.11479
1.57634
1.6499
2.83629
3.597
0.408297
0.546045
0.587088
0.168642
0.268135
1.9381
0.777702
0.429466
3.51558
1.23565
1.40556
1.03453
2.84121
1.85388
3.55517
0.120228
0.329646
0.0178496
0.433064
0.282419
2.74042
0.660133
1.05235
2.30411
0.912092
3.0061
1.62778
1.57602
0.888428
0.0922518
1.57034
2.08596
0.327224
4.32055
2.62749
4.11083
0.0471496
0.199277
1.64051
0.0318886
0.515779
0.361873
1.23802
0.841078
0.442106
2.53603
0.0638103
0.719069
0.0418338
0.237236
0.568689
0.47512
0.74035
1.27358
1.18712
0.0681236
0.748021
0.884554
0.714724
0.150358
2.00187
1.95497
0.349564
0.152723
4.38549
1.5633
2.04489
0.67131
1.98256
0.0517584
1.55557
3.79409
0.328467
2.21219
0.875204
0.369514
0.45051
3.55504
5.66387
0.00947187
2.58632
0.258211
1.42739
0.0716632
0.758986
0.268598
2.10159
1.09588
1.57799
0.0119483
2.72879
2.4231
0.128865
0.539738
0.753299
0.720243
2.97356
1.5576
2.13542
0.162485
1.40945
0.932664
0.221057
0.375712
0.210592
2.52744
2.07707
1.17525
0.0482656
1.11704
0.1891
1.08448
1.32214
1.9797
0.247203
1.80725
5.38204
0.333094
1.06345
3.14815
1.56719
1.72059
1.89627
0.162834
1.99524
1.85636
0.926386
0.0452087
7.51581
2.48678
0.334635
0.724787
0.254463
1.25343
4.88024
0.306296
1.04902
0.95649
1.25294
1.09738
0.175701
2.76974
2.90829
0.338053
1.01659
1.56908
4.79345
2.44412
0.714478
0.344228
1.74208
0.139021
0.0340695
2.85488
1.1628
0.535324
2.32574
0.224663
2.18627
0.86264
3.92042
2.58512
0.221217
0.0829521
0.185968
0.524699
0.553168
0.102941
1.30182
0.186264
1.81987
1.70955
0.189543
1.52101
0.289137
1.75277
1.22189
0.676033
2.3183
0.98268
1.79617
1.62875
0.382751
0.0485948
2.36599
0.00982389
1.05604
0.27446
0.334993
0.17083
2.54257
1.05994
1.55363
0.660012
1.1574
1.23811
3.42676
0.438194
2.65918
0.60834
0.378038
0.430384
1.47643
0.777662
0.0019911
1.73391
1.81995
0.014388
0.531305
1.0667
0.921486
1.0532
1.8306
0.383151
6.87616
0.592063
2.49073
0.825688
0.0724686
1.41129
0.979145
0.10104
0.110826
4.5736
0.0346081
3.59792
4.52265
0.0217408
1.95728
1.67864
3.954
0.320308
0.282779
1.71176
1.51752
0.402772
1.31058
1.06012
1.79335
1.51398
0.170218
1.45137
0.0356949
0.204948
1.13806
1.9063
1.12589
1.21203
0.55082
1.87151
0.573182
1.05336
1.47401
0.830193
0.431017
1.61144
1.10171
0.385813
0.461977
4.35863
1.9169
0.788709
0.604685
0.0174796
0.614637
0.246279
1.05147
1.80363
0.898188
0.422055
0.0723375
0.0173232
0.472285
0.534693
0.473585
0.483925
0.148634
0.331636
0.998634
2.5697
1.93545
2.90355
0.00361429
0.933354
1.03312
1.11988
1.56391
0.206648
6.16822
0.129215
1.11778
0.286302
0.790761
0.0675696
0.627761
0.95311
0.769063
1.61899
0.793696
5.68673
0.423215
0.245672
2.49122
0.627175
1.80945
3.99358
0.599399
0.145752
1.89609
1.08184
1.52848
2.61201
0.592037
1.2931
1.17447
2.9791
1.14791
2.41696
0.265049
0.374679
2.56916
2.30338
3.87419
0.570651
0.0426853
0.343178
0.0393247
0.899577
0.61365
0.0774112
0.386239
0.905841
0.435864
2.00939
0.155226
1.57611
2.40717
0.0905481
0.688356
2.28212
0.455792
0.557189
1.76559
2.03292
3.42531
0.0440679
0.274317
1.50399
4.19851
0.882347
2.00792
0.224191
0.943147
1.59271
1.50706
0.485204
1.92855
0.170919
3.11678
0.438965
0.242968
4.14632
1.10591
1.18818
1.06643
4.317
0.575926
2.55212
0.465128
0.289259
0.0653167
1.39111
0.0838926
4.2794
0.17794
0.027584
2.15011
1.45613
0.000770153
0.542303
2.15468
1.47735
0.413056
0.684208
1.24117
0.272904
0.711871
0.706555
2.89863
0.863708
0.205846
2.36388
1.67439
0.0322156
1.22246
0.47697
0.718296
0.25073
1.23816
0.284145
0.6123
3.50364
3.40133
0.0291843
2.4197
0.898836
0.957003
2.33286
0.00804514
2.17453
3.16155
0.202322
1.13623
3.24171
0.598165
2.21183
1.45687
0.126254
1.31873
2.1175
0.216272
0.356387
0.415968
0.938306
0.0687191
0.0399322
0.696544
0.144683
5.22677
0.345788
1.39328
1.38611
3.27351
3.59673
0.0947963
0.773976
0.550385
0.0141964
2.00826
0.0949567
0.770268
0.812758
1.92415
0.727944
3.23928
3.44729
3.61321
0.77025
0.527523
0.408067
0.165545
1.7825
2.09858
0.0722009
0.409481
2.2209
0.609214
0.826281
0.240797
3.00924
0.955798
0.452433
3.9513
1.46663
2.42335
1.09161
2.02952
3.38424
2.00204
0.38464
1.60884
4.59449
0.287707
0.82293
2.7084
1.53743
0.235727
1.0605
3.75443
0.266967
0.146817
0.935956
0.165424
0.511852
0.356643
2.54588
0.636948
0.0145609
1.29222
0.658194
0.246715
0.604781
2.08268
2.96567
2.35246
0.771816
1.52679
0.221737
3.18634
0.780074
0.619073
1.11505
0.255904
0.705081
1.25777
0.608243
0.772422
0.137229
0.747799
2.55765
3.4416
0.111456
1.61382
0.688458
1.24202
0.775141
1.94295
0.392686
7.91877
0.27759
5.44768
2.24781
4.02887
1.00299
0.215354
2.48116
2.59277
0.146617
0.167602
4.1706
0.462487
1.51896
0.0590467
0.768288
0.11628
3.37473
0.329069
0.071822
0.793807
1.89698
0.285995
0.260568
0.718539
0.0286585
3.67528
1.45281
0.0924707
0.744914
0.901942
2.4373
0.668872
1.18788
7.72506
0.285148
0.167562
0.849367
4.47474
0.628639
1.41087
1.43747
0.199724
2.44827
0.480865
0.198719
0.499109
2.9054
0.705211
1.22289
0.793909
0.890519
2.56774
0.638864
0.81461
1.86483
0.29089
0.713297
0.401767
2.37947
0.250781
0.25979
3.68459
0.402738
0.478938
0.861354
0.406741
0.36398
2.14017
1.41346
3.98847
1.02569
1.66414
1.86431
1.26082
0.561104
0.659631
1.0868
1.55174
0.0882484
1.26702
1.40474
5.89665
1.78638
0.494802
5.17344
0.0648023
0.139556
0.777005
0.378527
0.208247
0.281502
0.0610155
1.46116
0.077727
0.369855
1.56685
0.738096
2.48131
0.212908
0.206894
1.93326
1.2774
0.121248
1.44539
1.76974
0.626172
1.12368
1.04559
1.2009
0.49448
0.0856987
1.343
0.54202
0.54878
0.146913
1.36871
0.304193
0.679522
0.160447
1.12551
0.985985
4.91031
0.392465
2.19068
2.03501
0.73658
1.02129
1.25335
1.15538
2.21298
0.45699
0.966609
1.41231
3.86383
0.0799126
2.3513
0.109058
0.289361
0.182171
0.415285
3.51982
0.052443
0.97262
2.75019
0.0208959
1.21722
1.8117
0.0622646
1.40697
1.61283
1.7556
4.75728
0.276248
0.928263
0.069689
0.57674
1.87657
1.04241
0.0483591
2.01141
0.98383
2.02352
4.39502
0.965437
0.644986
1.65648
0.806593
0.670091
0.299565
0.967607
2.54361
0.669792
2.46267
0.778592
1.54692
0.469301
2.17089
0.450892
0.921815
1.45957
0.720259
0.0387672
0.357428
2.02568
1.65354
4.19991
0.22145
1.46961
0.391868
4.01645
2.53573
0.908061
1.69623
0.38212
1.95334
1.42425
1.11687
0.302918
4.46711
0.93106
3.29066
1.25378
1.60553
1.32754
3.16162
0.322802
0.179002
0.63849
0.771448
0.055213
0.302057
2.68849
1.9801
0.393604
0.00267286
2.87591
0.240404
0.992271
0.429147
2.86987
0.0167873
0.289991
2.44707
0.0385302
0.21578
1.44404
0.0502673
0.780632
0.663507
0.417914
0.388151
0.582897
2.24615
0.347543
0.996168
3.55645
0.12491
0.440522
2.95187
0.747911
1.46979
5.60883
2.45221
1.88053
0.630241
1.46415
1.02785
0.978529
0.429356
2.82076
0.321826
5.52574
2.46306
0.265994
0.96739
0.918849
1.10546
0.140273
0.0985521
0.282854
0.98081
0.438502
1.97552
1.19957
0.915635
2.29421
0.579977
0.23871
1.72488
0.474422
0.0291414
0.429788
0.0113987
1.0437
1.0523
1.10871
0.229072
0.401744
1.24011
3.27189
0.54861
1.26807
1.90983
2.76806
0.728616
4.26935
1.54591
0.561029
1.79618
1.87316
0.492717
0.13246
2.71513
0.064925
1.39614
0.400666
0.152614
1.38346
0.256617
0.352156
0.708814
0.192235
1.86717
0.398613
0.0865707
1.15416
0.534375
0.933801
0.66
0.891196
0.507363
0.122264
0.0947766
0.302997
2.07372
0.0866351
0.660771
1.22955
0.081004
1.16945
0.82202
0.995792
1.35629
0.0749204
1.7627
0.505911
0.108832
0.666284
0.312751
0.481012
0.841457
2.85679
0.309592
0.290394
0.20952
1.4123
2.82008
0.390944
2.55448
0.708913
2.83551
2.48382
1.88459
0.874767
0.506062
0.720217
1.54937
2.64316
1.04614
1.88037
3.10096
1.16893
1.75695
0.675856
0.756324
1.37755
2.11206
1.46645
0.138099
3.31329
0.469209
4.45488
2.75904
0.198634
0.555401
0.534558
0.169517
0.785008
2.50737
1.94722
0.610591
2.40632
0.646489
1.95464
0.507165
0.489666
0.644639
3.59927
6.11553
2.79815
0.124861
1.53896
0.219448
0.170281
0.712357
0.164149
0.454413
0.822963
0.146516
3.13116
0.250171
0.811525
0.175576
0.700762
0.963568
1.92775
2.02598
0.906905
0.309759
3.99732
0.727637
1.19844
1.43259
0.546632
0.807222
2.39409
0.438512
2.77151
0.870714
0.318366
4.5732
2.75982
0.44071
1.41742
0.171966
0.255415
0.0915528
5.11691
1.328
0.0782585
4.43075
1.17883
1.95057
2.30026
0.473361
0.373978
2.64581
2.38573
1.4699
0.750255
0.00720251
1.03651
0.960119
0.44461
0.832895
4.5522
1.00706
1.39142
0.739421
1.62632
0.653258
2.9498
2.14122
0.29479
3.28626
0.591608
0.069411
2.24696
0.0689172
1.00353
0.713566
0.472049
0.243513
6.9045
3.09376
0.824193
1.37417
1.54653
1.94817
0.0943131
0.71947
0.0812587
2.12129
0.865537
0.785791
0.816213
0.00217499
0.308296
1.14963
0.173527
0.793637
1.04279
0.407644
0.0226341
1.1167
0.337679
1.60495
0.819806
0.149409
0.805229
1.94391
6.67223
0.30544
1.00662
0.0297146
2.14173
0.787574
0.381022
2.95147
3.73494
0.114585
0.218954
1.00315
0.166785
0.553761
0.277211
2.95252
0.397691
0.0660388
2.69159
1.2849
0.452678
0.356478
0.274909
0.11477
0.688006
0.168849
1.22123
0.147125
0.290286
0.00819835
2.56047
2.2994
0.805026
0.554868
1.75516
0.920819
0.408868
2.70223
0.251078
0.752413
3.0168
1.33633
1.39293
0.1281
0.0857125
2.2316
1.21698
0.995617
1.15309
1.24582
0.49855
2.4301
1.13305
1.3234
1.35806
0.145589
2.23225
0.115578
0.517701
0.532769
0.707592
2.14754
0.893278
0.0518017
0.394638
0.19527
1.58189
2.17867
1.43429
1.14132
0.701202
3.14454
1.95377
2.697
0.0941235
0.095891
0.130867
1.17102
1.87151
0.590038
2.79756
0.37206
1.70681
1.71204
1.27129
0.836931
1.99433
0.459648
0.45862
1.65285
0.808874
0.836876
0.682872
0.333068
0.471895
1.74508
0.122288
0.574128
1.17654
1.87043
0.134256
1.10653
0.104656
2.53062
0.765476
1.20332
1.85542
1.35398
1.02687
1.75579
1.14625
4.71676
2.67844
0.00377952
1.68959
0.324677
1.11
0.437404
0.627436
2.72712
0.489664
0.612451
0.253616
0.515434
0.247486
2.73947
4.84504
0.976724
0.258115
1.25832
0.109945
0.18222
2.32017
0.840615
0.159534
1.96715
0.58583
0.980942
0.145314
0.971306
1.83729
0.00647523
2.27699
0.211959
0.618949
1.05255
0.0359643
1.39337
0.0713626
1.26678
0.825645
1.77058
0.155521
0.31098
1.83961
0.234841
1.52155
0.531515
0.683865
4.15988
0.219212
0.77776
1.53982
1.02673
2.67745
0.74538
4.21428
2.26651
0.400308
1.21742
2.01104
1.01198
0.22615
0.918352
0.611102
0.0886138
0.30144
0.570642
4.13118
0.22134
0.749075
0.434376
1.38929
0.0323093
2.3899
5.66307
2.78158
0.266649
1.3181
2.61939
1.19766
1.30124
0.620792
1.35167
0.0710162
0.339176
0.0871307
1.23239
0.498511
0.872589
1.86884
0.464699
0.331118
0.29914
0.0596837
1.2288
0.396024
1.63662
3.31987
0.985697
0.311855
3.60145
1.27059
0.105615
1.56886
0.209026
0.0806573
0.339014
0.6633
1.30995
1.14989
0.837153
0.492106
1.02634
1.15407
2.71536
0.642956
0.701314
1.87055
0.789612
2.32485
0.445
0.218488
0.417302
0.601627
1.26842
0.871071
1.1913
1.72985
0.111125
1.30746
2.25226
2.3072
0.107293
0.725448
0.21561
1.79871
2.23344
1.86413
0.13848
0.916435
0.0188106
0.0339201
3.60902
0.497374
0.335302
0.441628
0.550948
2.69429
2.4319
0.0758249
0.287008
0.0194244
0.20914
0.558574
1.40531
0.78133
0.714383
0.926594
0.569347
3.19393
0.662718
0.0548658
1.72186
0.111911
0.48952
0.108693
1.50365
1.14879
1.14971
0.990728
2.94031
1.65086
0.544491
2.55934
2.65464
0.134463
0.118891
2.74518
0.97584
1.72186
0.103477
0.40655
0.63743
2.97474
0.251437
0.648305
0.510025
3.20257
0.658677
0.0138746
0.919537
0.0278872
2.06542
1.70415
1.14729
0.995496
2.53713
5.77948
6.86077
0.936515
1.40886
3.6254
0.928311
0.557404
1.16059
1.17358
0.387938
0.394925
4.24793
0.227859
1.42591
1.51319
3.71334
0.489814
1.72993
0.562935
0.145883
0.548771
0.0437863
0.974089
3.79592
0.654398
5.21283
0.562446
3.15255
0.798414
0.980416
2.62022
5.56907
1.71949
0.0339904
2.49007
0.415878
1.34427
0.243091
0.495434
1.53026
2.95406
0.316937
0.101741
1.90263
2.3072
0.111169
0.261118
0.731855
0.36432
0.321852
0.371503
0.251214
3.68363
1.1439
0.482616
0.211297
2.61351
2.6063
2.34919
1.79975
0.225879
0.82782
2.39919
0.607737
0.409158
1.51112
1.34433
0.802176
0.299759
1.12647
2.00333
1.72843
0.436773
0.679324
1.06996
0.269978
1.8024
1.12821
0.469093
2.84625
1.73346
0.358252
0.165961
1.31735
0.540377
0.0358009
0.961708
0.288558
1.05541
1.12052
0.399817
2.18089
2.83494
0.0949755
1.48425
1.26695
0.489566
0.852338
0.272471
1.72401
0.5676
0.0194022
2.46006
1.03574
0.00867206
0.274983
2.71445
0.0183827
0.553972
0.0248864
0.452503
1.16528
0.777899
1.56666
1.57308
0.412061
2.03302
0.256533
0.490674
1.04084
2.50062
0.976912
0.53296
0.145794
0.42147
0.739166
2.22845
0.890125
0.396591
0.417354
2.64608
0.417457
2.51067
1.75924
4.00132
1.2574
1.01821
0.516064
1.95315
0.156679
4.31748
1.06577
0.303659
1.94485
1.31883
0.490118
0.898974
0.713269
0.0775885
0.88244
0.673565
0.859548
0.0997264
1.93332
1.95306
2.66132
2.13486
1.76889
1.11612
0.0605648
3.11848
0.244524
0.242433
0.0500506
1.36848
0.255732
1.00345
4.17463
0.336102
0.915169
2.21369
3.53847
3.53609
0.0644452
0.987082
1.42072
0.550389
0.0578841
0.975824
1.2933
0.97867
0.210679
2.36626
1.04919
0.915103
0.646213
1.07527
0.806689
0.120523
2.26873
0.177572
1.63559
0.251962
0.237894
1.43122
0.796706
0.668534
3.88532
0.106972
0.816456
1.49852
2.15619
0.448676
1.61973
0.295419
1.15677
0.391345
2.11177
4.648
0.0620298
1.39514
2.24443
0.667842
0.869032
3.75838
2.13593
0.590226
0.80218
0.336617
2.11457
3.18539
0.78454
0.886602
8.69561
6.10826
0.2151
5.56323
2.23289
0.923904
0.149369
11.4513
0.333745
0.420685
2.95134
1.88325
0.903571
0.851052
0.752567
0.0597639
1.3305
1.40306
1.24385
0.998033
0.33016
0.490252
1.65704
0.766032
1.39364
0.347993
0.172205
5.77693
1.34574
3.88907
0.510922
3.60681
1.39533
1.53109
0.23119
3.98034
0.0629307
0.270753
0.216033
0.995523
0.0379598
1.59532
0.892571
0.616191
3.58644
0.369486
0.0247423
0.646583
0.984804
1.78456
0.811706
0.64583
0.867495
1.2384
0.676151
1.80253
6.68391
4.31891
0.246757
2.35012
1.35262
0.57237
1.36732
4.69074
1.78019
0.549713
0.274283
0.490043
2.24811
1.17001
0.714216
0.36675
1.20841
2.8293
0.282534
0.152028
1.49924
1.81628
0.805857
0.321123
1.4375
0.44975
2.07262
0.335202
0.404632
1.7468
2.09825
0.331626
0.747657
2.13707
0.205189
0.544878
0.339094
0.322918
0.504754
1.5078
0.456158
1.87666
2.26181
3.93242
2.40478
0.583774
0.325246
0.827424
0.139613
0.204143
0.654209
0.82309
9.05937
0.0434493
0.226478
0.278971
2.37851
0.350877
0.755399
2.5962
2.99803
2.8085
2.65438
1.45674
1.01585
0.410247
0.360898
2.0837
0.837539
5.00396
0.192934
2.19422
0.0433801
0.387126
0.396864
3.84998
0.991309
0.726855
1.69289
1.43598
1.99685
0.240948
1.09837
1.30549
0.887995
0.288494
2.73605
2.27206
0.690916
1.38301
0.239999
0.0743836
3.93101
0.0462191
0.123745
0.157903
0.794228
1.90017
1.17267
0.789462
1.83671
0.258142
3.29848
0.23242
1.4801
1.07631
0.554097
0.135448
4.69865
0.356917
1.25626
3.06228
0.664373
0.169255
0.612611
0.878975
0.615473
0.0622606
1.22481
0.28367
0.44137
3.11569
0.104458
0.667153
0.0988605
0.0425616
1.25411
0.487724
1.68594
0.906709
3.65333
3.62234
0.369321
0.573614
0.355436
1.36794
1.68427
1.39742
2.69616
1.8325
0.225734
2.42119
0.620139
0.479929
1.0557
0.317137
0.224034
1.77971
1.98085
0.543982
0.733067
0.484545
1.84865
4.25661
0.0672459
0.395894
0.759168
0.940273
0.938999
0.753469
1.4449
1.46408
0.386138
0.902981
1.27089
0.983844
2.70521
1.98352
1.46363
0.553558
0.731907
1.27409
0.0823604
1.4697
1.18095
2.56094
1.29078
0.840685
1.13544
1.23038
0.362496
2.79785
1.40325
0.737712
7.94308
1.85387
3.10032
2.69162
1.47062
0.722092
2.58253
1.6762
0.601102
0.401477
0.031553
3.49169
0.204112
0.0695253
0.424857
2.97948
0.0818813
1.34636
1.75733
1.47345
0.195891
2.47778
1.21295
0.0295156
0.288704
0.178512
1.457
1.33603
0.370735
0.901386
0.314872
0.878604
3.17342
2.11811
1.36945
1.0283
0.275378
0.195213
0.0851803
0.201369
1.47185
0.967713
0.931227
5.95323
0.658336
0.458598
0.944764
3.50221
1.86079
5.93579
0.620601
0.138096
2.84852
2.5986
3.67769
0.627145
0.901005
1.62545
0.287839
2.87169
0.829603
0.291846
1.21098
7.60323
1.28379
3.46219
1.07259
0.220363
0.734111
0.167191
0.168406
0.664818
1.30469
1.67203
1.4882
1.99648
0.205029
0.924739
0.792916
0.707128
0.405292
0.237769
0.418964
0.579026
0.175564
0.415367
1.62947
3.18436
0.588681
0.882668
3.34263
2.35872
0.343306
0.518388
0.741448
1.99541
0.333635
0.207573
0.919647
1.64046
2.55502
0.5621
3.92055
3.7464
2.09273
0.539685
5.21885
1.17629
0.781115
2.7952
2.55802
1.08888
0.759109
0.124221
3.10092
1.02373
0.151742
0.424544
3.05869
0.329653
0.111808
0.0627652
0.10202
0.336808
1.89409
1.48774
3.42924
0.731524
1.84934
0.0799753
1.27369
0.139294
0.456723
0.0608395
0.71387
1.22865
0.922656
0.121938
0.127329
1.52625
0.0470444
1.91987
0.105787
2.36605
0.187903
1.71282
0.448566
1.47515
0.276812
1.17438
0.802435
0.0526343
0.00830453
0.42697
0.158477
0.395636
3.42393
2.23857
0.454865
1.52316
1.72724
0.404811
0.86356
0.213449
0.430963
0.297649
0.368423
0.605178
0.133488
0.47047
1.19119
0.258311
1.89933
0.184456
2.06162
3.58657
0.547502
0.0335533
0.192924
1.54665
0.415265
1.69618
0.14083
1.85434
0.537197
0.346562
1.02557
0.0378855
1.7383
0.815432
0.952475
0.811545
0.397872
2.11731
1.43235
0.4608
0.036546
0.39108
0.293944
3.58118
0.333162
0.404436
2.38142
0.100131
2.06212
0.322825
0.564514
1.26974
3.2036
0.81102
1.08419
9.07691
0.280354
1.54661
0.169805
2.37609
0.604635
1.13906
0.290361
2.01678
5.12942
0.741015
1.09472
0.345607
2.19629
2.32369
2.50102
0.411718
0.842955
0.218806
2.66092
0.240194
0.314599
1.31742
1.46556
0.697163
2.57652
0.832912
0.113692
0.27115
0.764726
0.205329
3.5965
2.87803
0.0375341
0.228226
2.00076
1.91009
1.37295
0.370494
0.132127
2.48147
0.740037
0.465011
0.161452
0.792861
0.0459227
0.366397
0.100899
0.519413
0.984698
0.145612
0.142036
0.354541
1.14338
0.925851
1.15271
1.08171
5.50269
0.130033
0.870202
1.98606
1.36861
1.74404
1.21465
1.52459
0.736946
0.431432
1.41611
0.753102
5.05059
0.593451
0.814872
1.17268
0.966085
0.697715
0.161262
0.315688
0.0442096
0.0452681
1.82482
0.333023
2.3177
0.414435
1.69585
4.33161
0.988271
3.44357
1.82981
1.97036
0.455572
0.46508
1.83118
0.0815872
3.87519
4.54223
0.031884
0.407348
0.196919
1.38351
0.628454
0.232605
1.81184
0.866005
1.20373
2.94576
1.44999
0.287709
0.889467
3.29797
1.41783
2.68379
0.704314
1.79141
0.887349
3.47442
2.24792
0.257085
0.566934
0.494942
0.359126
3.67197
0.50345
5.36315
1.89608
1.0731
0.153904
0.01643
0.784579
1.95882
0.0794627
0.235826
1.38134
1.78715
2.08811
1.41926
0.0667199
1.04822
3.17662
0.296996
0.512969
0.305399
0.172288
4.20426
0.260956
1.37767
0.543296
0.796721
0.917021
1.97908
0.780998
0.0586466
0.494609
0.339957
0.0968991
1.30495
3.92994
0.66992
2.47868
0.446704
0.265165
0.943512
0.0384474
0.102423
0.330843
0.582843
0.593361
1.59666
0.903511
0.128696
0.442141
0.271778
0.362339
0.475005
0.618431
0.496138
0.0931014
0.487197
3.67878
0.233773
2.01625
1.00179
3.81574
0.129948
0.812525
0.206636
2.33672
0.0371987
1.94779
0.00416468
2.92243
1.44535
1.192
0.59941
0.274585
1.10058
1.73635e-005
0.332336
1.84922
1.53346
0.952948
0.739801
1.00518
0.521103
0.955815
0.663331
2.74875
2.52149
0.263986
1.48954
0.42119
1.78689
3.92644
0.609959
1.26633
0.426111
2.92855
1.16622
0.70267
0.237826
3.16717
0.21548
0.420102
0.468715
0.644055
0.377759
0.905623
2.55387
0.572641
4.50572
2.51654
0.486898
0.321789
1.17215
1.6128
1.29529
0.0674734
0.232848
0.805536
4.01597
1.15969
2.00609
0.310398
1.36197
2.10013
3.48201
0.206433
0.968554
1.67689
2.08487
0.796068
2.59265
3.007
2.09939
0.113812
1.41523
1.25603
2.02275
3.12554
5.66903
1.74611
0.955003
0.490402
0.118782
1.03265
2.06007
3.41505
0.121517
4.03223
0.538676
0.239396
0.567179
0.678666
0.707092
0.00655988
4.40171
0.281478
1.95121
1.30926
0.507198
1.21487
2.08874
0.4109
1.07625
0.050915
2.20419
0.144451
0.283977
1.08504
1.92052
3.86359
3.12884
1.24261
0.576326
0.380399
1.65641
0.312794
1.87905
4.61623
0.984437
0.905561
0.786346
0.777213
1.79876
6.29362
1.27277
1.35571
0.662658
1.05431
0.3368
1.50109
0.366892
0.0531664
2.50493
0.592892
2.00144
1.29533
0.345915
4.17095
0.812841
0.57367
1.59011
3.13325
0.808881
0.968778
0.166857
0.285784
3.35027
3.01833
0.853568
1.0193
2.39336
2.34507
0.401978
3.00285
1.87556
0.922476
3.51338
2.33278
2.28538
0.560007
5.89457
0.892889
0.826533
3.28271
3.33676
0.615836
0.0389375
0.789005
0.863798
1.76969
0.307012
0.130224
2.16945
2.86716
0.525074
1.37627
0.159295
4.0452
0.345816
3.94734
0.706296
3.1646
0.676243
0.835295
0.945509
1.26962
0.545989
2.76949
0.968981
0.603216
2.18694
0.0816464
1.50979
0.468288
0.767975
2.11796
0.45523
0.151367
2.12305
2.3496
1.15108
2.4514
0.34358
0.188292
0.353736
0.744811
1.75945
1.3624
1.70918
2.44906
2.0929
1.82484
0.429954
1.13113
0.316137
1.6049
0.446984
2.17395
0.998853
0.273547
0.58592
0.450027
0.659253
1.10264
0.711613
0.79278
0.764151
3.88744
0.544664
0.584119
0.184611
1.17972
0.835211
3.82727
0.60813
0.934256
0.460622
0.586112
3.11358
1.65171
0.613421
0.239621
2.51721
0.931184
1.58278
0.26202
0.410661
0.371682
4.77069
0.258502
2.49411
1.43751
0.48029
2.63808
0.442045
0.430969
0.389739
0.0170336
0.800786
0.571664
1.3668
1.17861
1.31153
0.0273289
0.782066
1.6432
1.73345
0.311488
0.118769
0.64428
0.0872959
1.49851
2.03037
0.223874
4.08394
0.649026
0.134237
0.554362
0.619518
0.331414
0.384479
0.171029
0.295372
0.133135
0.0557092
1.1366
3.2034
0.392008
0.505197
1.40782
0.639892
1.81102
2.97516
1.50078
4.68111
1.54762
0.0637419
1.03491
0.138763
3.2188
0.185889
0.701272
0.74912
1.23036
0.176254
0.522039
2.15195
0.161341
0.219024
0.521298
0.383035
2.31425
0.0246829
1.21351
2.85224
5.13157
3.20624
0.298644
2.0165
0.30118
1.22592
2.02602
1.27823
0.194604
0.0791435
0.194033
0.828599
0.371902
0.24114
1.54426
3.70445
0.239187
0.0511719
0.194881
0.359581
0.950443
1.57442
0.662494
0.391414
0.863679
4.02336
1.12932
0.520095
1.12494
0.710132
0.262846
0.409689
2.3698
1.56961
0.0139095
5.19677
0.00658539
0.466789
1.11909
0.647077
0.870579
0.484367
0.199276
1.6001
0.612733
0.876661
4.69978
1.15037
0.0851794
0.184882
1.73979
0.735598
0.333978
1.40709
0.330553
0.586865
0.359135
0.0449065
0.101212
0.301533
0.546369
0.264379
4.63468
1.41003
0.0775686
0.367626
0.633247
0.0979474
1.44593
0.0637593
1.92286
1.61806
0.0909247
0.178003
1.76722
0.188558
0.476645
0.766891
3.23699
1.21579
0.89699
0.703445
0.14442
2.25446
1.61703
0.389016
2.81173
0.781397
3.16768
1.53827
0.803794
1.318
0.722451
1.07821
0.236862
0.282356
0.296788
0.171967
0.275058
1.45591
0.112902
0.871916
0.401429
1.02861
0.0138555
0.386999
0.0234421
0.37049
0.0852808
0.663261
0.518319
2.26423
0.398529
0.341172
0.892214
0.0483719
4.23878
0.0486816
4.42628
2.57051
0.232221
0.806378
2.91356
0.187602
0.370562
1.91598
1.96905
1.35358
1.67463
2.49049
0.0746346
0.182745
3.71794
0.835177
1.58923
1.10732
0.726387
0.319969
1.40094
0.497936
0.464376
0.342113
0.186843
0.81619
2.27305
1.0878
0.59881
0.277059
0.388299
2.27616
0.566199
0.0642126
1.07236
2.6267
1.38591
0.0935221
1.0605
3.67628
0.624758
0.0883524
3.49909
0.314037
1.90235
0.00874818
0.300796
1.0463
1.60101
1.96271
4.30517
0.471623
0.348958
3.63047
0.375329
0.533894
0.467686
2.7387
2.1721
0.233036
1.06722
0.864285
0.0531849
0.135692
3.11473
0.0262246
3.3682
0.476956
0.476609
0.172644
0.176618
1.1237
1.39464
1.37651
0.241516
2.6565
0.118201
0.757302
2.3391
4.00261
0.511983
0.678958
1.55545
0.839407
2.16605
2.14114
0.0219334
0.511782
1.20426
1.23984
1.06122
0.0766993
0.387312
0.141129
0.553402
0.136179
1.95892
0.568334
0.41939
0.786481
0.704611
0.0524556
1.52043
2.88546
5.35402
0.123454
1.07685
0.715274
0.420353
1.61283
1.7011
0.11505
2.476
0.502923
0.352337
0.384265
0.0110195
0.898813
0.60072
0.130685
0.657247
1.34037
0.411896
0.288754
1.36228
0.300006
0.292507
1.32266
0.275837
0.122604
0.316863
0.457626
0.796467
1.562
1.82945
1.37295
0.371297
0.165647
3.86442
0.690547
2.07232
0.81184
0.518275
0.740088
1.46861
0.123139
1.65362
0.325952
2.00461
0.304676
0.886891
3.02497
0.777949
0.0933133
4.28153
0.0841788
1.04178
0.627416
1.60654
0.685332
0.574381
1.80609
0.472066
0.50899
1.37769
0.748491
5.03003
0.809002
0.61296
0.586064
0.890776
1.02793
0.0235941
0.37989
1.41055
0.482829
0.138579
1.51878
0.47505
2.00011
0.0314185
0.242474
0.862575
0.900828
1.05988
0.617361
0.996582
0.740643
2.10878
0.965852
4.79088
0.148334
1.31637
1.90533
1.68289
2.29211
2.39858
0.234479
1.36184
0.320739
1.44397
1.73701
0.188636
0.312531
0.0242572
0.00981649
0.797508
0.14709
1.92232
0.23838
0.0988449
2.28676
0.515064
2.75397
1.27106
0.532927
2.17029
2.84131
3.08044
0.495572
3.72919
0.252263
0.831649
0.569588
4.88932
1.3823
0.0204516
1.71906
1.09592
4.80021
2.13349
0.67386
2.11355
0.60589
6.91094
0.376901
5.43063
2.64574
1.66816
0.00845825
0.523761
0.0764896
1.1918
0.575125
0.0944326
3.27364
0.0930043
0.146345
2.60379
1.35503
0.546052
0.722559
0.6256
3.41153
0.0153267
2.13244
2.37886
3.53818
1.5598
0.44974
1.58287
0.947879
1.09754
0.0156985
1.76256
2.69837
0.285611
0.0954307
0.569334
2.10089
2.37841
0.0530071
2.08787
0.092446
0.19022
0.936907
0.228698
0.10511
0.808377
5.75758
0.1047
0.665345
2.03306
0.454085
0.65749
1.11109
0.46236
0.944516
0.58396
2.01078
2.41511
1.09224
0.472651
1.62053
0.207769
1.78219
2.17949
1.13223
0.270918
3.76479
0.0931186
0.961422
0.698551
1.00473
1.36206
0.309734
1.49987
0.464931
0.603942
2.37875
1.5957
3.19806
1.61537
0.196719
0.595452
0.284809
0.85209
0.894108
0.876383
0.15635
0.0814743
0.951239
1.57325
4.01324
0.171257
2.65006
1.59033
1.63552
3.66326
0.129225
1.5688
3.18464
1.41893
1.31088
4.34653
1.90166
5.48665
0.722907
0.0188418
0.722983
1.11783
0.774717
1.59693
0.951101
2.36056
6.45639
5.89816
3.54959
1.57652
0.690421
2.28002
1.68967
0.921666
1.64855
0.0594073
0.107747
0.0473527
1.87498
1.9925
0.448238
1.17513
0.613344
0.959836
0.970416
0.385668
2.59873
0.231325
0.782875
0.985974
3.0079
2.9191
0.550744
0.156801
0.657548
0.0637795
0.0554377
0.139056
0.735745
0.503172
0.83143
2.38736
3.57149
1.8626
0.815022
1.35962
0.244401
2.15148
0.0102379
0.12152
7.42714
2.28464
1.70089
0.570381
1.66317
0.443285
7.14799
1.94605
0.0861429
0.333858
0.745029
0.571868
0.633075
1.439
1.45717
0.550417
0.424586
0.478284
0.86473
0.0450905
0.778921
0.114466
1.52101
0.259014
0.772548
0.0148267
0.241916
0.464033
0.0751309
0.683085
2.82727
0.565204
0.977741
0.744371
0.844478
1.12389
1.50624
0.0309612
0.246782
0.15521
0.954715
0.929367
0.144781
0.219458
0.342529
0.630812
0.493623
0.464058
0.42893
2.22829
0.2027
3.26586
0.678454
1.88235
2.24816
1.59376
1.24858
0.0198548
2.37789
0.00798091
4.23634
3.38534
1.90101
0.0890383
0.944889
1.6114
0.712452
2.37885
3.22898
0.892846
0.27413
1.39761
1.63127
0.831237
0.899664
3.93298
0.236873
0.498341
4.24934
2.01318
0.485856
1.64049
4.38992
0.856226
1.11554
2.45318
1.15574
1.98622
0.128668
3.79421
0.453742
0.29017
1.83579
0.536575
2.00467
0.57839
1.73407
0.430018
0.281621
0.49014
1.55493
0.788204
1.83409
0.130957
1.48808
0.528821
1.57173
0.179578
0.143607
0.133092
0.928056
1.61008
1.069
1.49453
1.29434
0.88682
0.720082
1.45856
0.239181
4.92051
3.96117
0.433472
0.100353
1.03373
0.219955
2.25922
0.324466
0.639942
0.232397
0.720409
0.218047
0.460989
1.91983
3.88362
0.0827208
0.323402
0.555099
1.68629
1.65648
0.831896
0.0909934
5.89453
0.88153
0.588916
0.810232
0.052958
0.246409
0.00623358
1.1629
2.52355
2.64005
0.886923
0.158727
0.33804
0.676386
1.15262
0.189799
1.3516
1.65714
2.33865
0.0344033
0.384419
0.959793
0.394437
0.250696
0.361958
0.809157
0.81156
0.595446
0.205583
2.34807
0.738956
0.393449
0.832096
0.751388
0.551599
0.900723
2.68726
2.62381
2.96417
4.19102
6.28407
2.01239
0.28537
0.868307
0.104621
0.706601
0.362308
0.000414885
1.0768
0.190921
1.21492
0.130611
0.882049
2.18744
0.362366
1.09258
0.318658
0.0289661
5.58383
0.0493639
1.96263
1.71019
0.495553
1.91201
0.387007
0.127551
0.631633
5.41732
0.983568
0.278802
0.0336728
1.53488
0.191712
1.68139
1.13128
0.0518668
0.145191
0.0971138
0.480621
2.99044
1.14858
0.843556
0.415651
0.781354
1.17742
0.680892
2.0807
2.57961
1.8249
0.857392
0.839946
0.941359
0.657976
0.745279
0.308312
1.81429
0.298448
1.5709
4.40268
1.10498
0.804524
2.07544
0.791177
0.0295486
1.27696
3.94194
0.510374
0.0600419
0.305694
0.329784
0.714339
0.259477
0.938061
0.857962
0.539986
1.19662
0.440863
0.175446
3.00561
0.179121
1.95565
0.236522
0.682249
0.614309
0.822552
0.360978
1.19612
1.6359
0.525835
0.606022
0.111828
0.434261
1.0902
2.43704
3.28321
0.659262
1.34318
0.296103
2.49136
1.27806
0.471973
0.811067
3.04317
0.0864858
0.962457
2.59117
0.6711
0.19144
1.1566
0.591163
0.485982
2.6666
0.333587
1.33984
2.26397
1.47187
1.17827
2.45653
3.4141
0.378217
0.0910969
0.418676
1.13844
2.33671
0.00678203
3.54948
1.23967
1.62432
0.10618
1.48157
1.34712
0.385714
0.509755
0.899921
1.2585
3.88204
0.142341
3.09079
0.161778
0.479209
4.8612
0.0208546
0.100121
1.44815
0.741219
0.131343
0.582775
2.02794
1.59444
0.262401
0.710096
3.07353
0.661294
1.81918
1.07395
3.08136
0.596257
3.10436
0.698678
0.943445
1.15121
1.05093
1.28264
0.65066
0.227769
1.41031
0.351755
0.566419
3.38578
0.235313
4.16983
3.61462
0.907765
2.11401
0.939559
0.00563227
1.02299
1.80575
0.35059
0.971724
0.544331
0.802331
0.459414
0.171508
2.17178
0.683296
0.969053
2.18165
1.43481
2.08261
1.69381
2.8539
0.37282
0.501467
0.190812
0.565083
0.877421
0.0514828
0.211876
0.730406
0.632073
1.01402
0.600583
4.02432
0.146771
4.34435
2.59207
3.58856
2.54803
0.223634
0.386782
2.56555
1.23145
1.18833
0.596966
2.25956
5.018
1.05634
4.0219
2.05303
1.38775
0.31847
0.0830269
0.102303
1.68182
0.121549
0.540507
0.223015
0.452355
0.317795
0.0251125
0.41612
5.75226
0.566913
0.203839
3.53891
0.430554
0.46819
1.00463
0.0406424
1.39745
0.0479262
0.278633
0.289389
0.715857
1.51747
0.0939599
0.0421395
0.199173
0.978252
1.11129
0.747704
0.21993
1.03174
0.83014
3.24054
0.285964
2.41689
0.0718178
0.675641
1.82405
2.18574
0.393091
4.41422
0.202631
0.183651
0.789768
3.86349
2.41844
0.0834193
0.0196503
0.194384
0.9459
0.14563
0.494218
1.50346
2.11062
0.135672
1.43722
0.122289
0.593794
0.533613
2.28106
0.00125562
2.59032
4.33781
0.194584
2.19659
0.948023
0.832881
2.59035
0.0314639
1.84188
0.219645
0.516909
0.454646
1.31672
0.7268
0.505212
2.07422
0.4961
1.62867
7.60428
1.40145
1.01952
0.151148
0.30047
0.156265
0.0607649
0.816005
0.988373
1.01519
0.491922
2.75327
1.14169
0.678433
1.19042
0.274299
0.866018
1.50867
2.09423
0.164216
0.12111
8.03838
3.13503
0.686187
0.0197997
0.161935
0.253759
2.96536
0.759642
7.4968
0.331279
2.51271
0.70551
3.09708
0.330208
2.12546
1.8562
0.0188999
0.293491
0.1601
0.846607
0.191963
1.25062
0.158192
2.90675
0.288376
1.24997
2.75336
1.62657
0.433647
1.71045
0.294424
0.0467033
0.572075
0.210647
0.847842
1.07373
1.39345
0.672982
3.21589
0.211388
2.93528
0.419227
2.82463
1.3798
2.56305
0.456878
0.848933
0.0222575
1.20008
0.212307
0.521771
0.74732
0.497224
2.67803
0.555196
1.07668
0.780801
1.24251
2.93926
0.61796
0.790474
7.56713
0.911681
0.34972
1.48167
0.0414635
0.551017
0.828386
1.88419
0.484192
0.998201
0.36635
1.17076
0.613981
1.90326
1.45813
0.640279
2.70754
0.6237
0.70012
1.18008
0.542863
1.49716
0.464986
2.76355
2.10877
0.871283
0.0479394
0.57758
2.76459
0.520414
0.694026
1.4814
3.94881
0.399578
0.848187
3.27474
0.205033
1.03912
2.20906
0.481374
2.00819
2.73801
1.86549
0.298837
2.27292
0.430155
0.894146
1.7571
2.92515
0.300485
0.392575
2.95436
1.15034
2.98225
0.851892
0.232325
1.26692
0.260656
0.623911
0.209456
3.9591
0.165527
0.97285
0.458166
0.88773
0.768376
1.65005
0.72576
0.878059
0.432512
3.78506
0.577782
1.14557
0.488422
0.127581
1.83959
0.131849
0.864705
2.56545
0.763469
4.8216
3.64876
1.27534
0.149204
0.049286
1.92361
2.66356
0.624387
0.0484422
2.60187
0.729914
1.53158
0.163289
0.215255
1.67624
0.926295
0.749537
1.5185
0.299284
1.0661
0.160614
1.02759
4.18452
3.35791
3.27789
0.318515
0.948019
0.777169
0.735032
0.0117277
3.7037
1.32786
0.706515
1.12818
0.228214
1.36837
1.37083
1.75826
1.74906
0.465493
1.12226
1.83898
0.317573
1.53059
0.260924
0.484474
0.163087
1.88624
0.658036
3.27091
0.617416
0.00540786
1.01168
0.542064
1.69613
3.57989
0.341017
3.3472
0.102092
0.168637
0.168318
0.592458
0.232913
0.279691
1.12046
3.30086
0.760464
0.0168959
1.30338
0.918129
3.63716
0.238916
0.0352775
1.49096
0.0949311
0.191255
0.786481
0.700733
0.470288
3.45352
0.352368
1.08678
1.17466
3.63421
0.0154732
1.80804
0.827563
0.0935323
1.50426
0.0825055
0.912131
0.222859
1.00484
0.498763
1.85348
1.63498
6.18863
0.0734755
0.740825
0.235939
3.2822
0.702664
0.170451
0.690813
2.52372
0.251366
1.22388
0.84513
0.0638667
0.213246
5.37205
0.66822
0.831059
0.411789
0.240984
4.89748
2.43916
4.80925
0.683743
0.0229066
0.260935
0.742642
1.37378
5.18391
0.420608
0.227493
1.10639
0.411145
3.59627
1.61966
3.58058
1.85666
0.712552
1.18509
0.928762
0.346972
1.65772
3.10821
1.69374
1.25145
0.331649
1.45085
2.08778
2.24065
4.41942
0.267851
1.53443
0.538169
1.70555
0.634811
1.68063
3.83679
0.549395
0.732541
0.606279
0.300907
1.64546
3.47803
2.32038
3.04305
3.19962
0.534328
0.149802
0.221967
0.876356
3.46473
1.59526
0.404234
2.68372
0.485204
1.90615
0.200404
1.30638
1.60455
5.71167
1.99876
0.532976
0.366788
0.00187787
0.326832
3.14406
0.408035
2.1014
0.171151
1.28007
9.48938
0.909973
0.224654
1.61533
0.00220213
1.09297
0.685934
0.0590668
1.57505
2.11033
0.618861
2.37758
0.608807
0.168099
2.0627
1.66334
2.95487
0.359335
0.0660109
0.936834
1.51076
0.301913
0.555251
0.0660354
2.29004
0.638284
2.02377
1.25771
0.0582733
0.962804
0.041352
2.96418
4.75708
0.184121
3.2472
2.72023
2.33697
0.986646
0.0258078
0.732342
2.81582
0.372134
0.824705
0.329152
3.02107
1.94845
2.47346
1.15657
0.300909
1.77184
0.316337
2.06075
1.52974
2.43949
1.14348
0.101383
0.525237
0.140501
2.115
4.7018
0.332949
0.108328
0.282419
2.70339
4.92607
0.668931
0.105311
4.04849
4.67431
0.986886
0.826124
0.118662
0.114995
0.267876
5.01461
1.71394
0.184209
3.57531
1.59708
0.151201
2.32913
0.352148
0.538225
0.337475
1.22893
3.95067
0.505266
0.432182
2.11646
1.13549
2.95829
1.05261
0.56197
2.27431
0.506666
2.41034
0.404949
2.2448
0.343963
0.0619778
0.00890297
0.411397
0.603697
2.13466
0.404783
0.314816
3.24379
0.790268
0.947601
2.24419
2.61107
2.02873
2.14397
2.71054
0.00627994
0.31999
2.81238
0.595168
2.17397
1.10433
2.34879
3.49519
0.0322273
1.87864
1.71454
0.265778
0.264307
0.256712
0.40606
1.26969
1.34644
0.168572
0.579848
0.109614
0.076143
0.326485
0.487553
0.26495
0.264494
0.321753
0.320782
0.172949
1.52235
0.977627
1.7035
0.547835
3.042
1.41273
1.97168
4.37731
0.654685
0.394153
0.624762
0.131409
0.229858
0.0869691
1.14655
1.11972
2.27793
0.284971
0.320004
0.0455726
1.56966
0.296494
0.0138028
1.04491
1.20802
2.38365
0.953402
0.430506
2.41775
1.58484
0.0192153
0.607875
0.68622
0.389484
0.88342
3.14932
5.04489
0.0350915
0.38376
0.0283301
1.24638
0.126538
0.121488
1.19492
0.879371
0.033787
0.282674
1.21097
3.45068
2.2225
0.0204884
0.331328
0.581676
0.952176
1.1472
0.11931
0.0178618
0.759898
2.57795
3.20483
1.7156
2.01158
0.00399098
1.07107
0.884533
0.446469
5.01367
0.909445
1.67197
0.829077
1.04252
1.49547
0.714719
0.0954019
0.0100246
0.356933
1.99615
0.383559
0.037917
0.221658
0.0330412
0.720829
0.517578
0.356245
2.32026
1.41029
0.263243
1.15471
0.393579
1.80099
0.136494
1.11241
1.23795
0.231357
2.19339
0.156336
2.85544
0.58533
0.507677
2.98432
0.0753595
0.473143
0.367153
1.33333
1.86391
0.736962
0.656689
0.313301
0.109613
0.0541291
0.385108
0.538486
0.90276
0.278756
0.944099
1.67924
0.096343
1.62295
0.0491157
1.09519
2.6658
4.39576
2.22231
1.14357
0.944431
2.23435
2.19395
0.675584
0.490878
0.676452
0.160781
0.987819
0.247081
0.693636
1.43997
1.94401
0.384682
0.189263
0.789014
1.04249
0.895556
0.0252023
0.787156
0.380949
0.252723
0.969246
0.0326381
0.217048
0.0274263
1.71993
0.97149
2.93098
1.74005
0.516849
1.84056
0.121462
0.424566
0.163438
3.18102
2.4556
0.248822
1.20606
2.18341
2.09179
4.05755
1.66292
0.718529
3.68969
2.52588
0.0420414
2.57204
2.01778
1.26556
0.988827
0.484503
0.614144
0.156288
0.485916
0.396714
0.848644
0.0613257
1.35021
0.610299
0.728015
0.771691
2.03921
0.880115
4.43573
0.972836
0.306935
0.433476
0.152113
1.53821
0.313156
1.0248
0.757143
1.43396
0.254264
0.742718
0.33449
3.61537
0.097677
0.489024
1.0587
1.10347
0.084794
0.439669
2.30448
0.457355
3.67812
1.49446
0.522082
0.294002
1.00451
0.480674
0.628471
0.455376
0.802226
1.03074
1.15772
0.45075
0.253843
2.21622
1.63929
1.22632
2.14717
1.16154
1.29334
1.77028
0.216399
1.42275
0.164022
2.06694
1.37235
1.00474
1.46357
0.18004
0.836337
1.52958
0.308887
2.02481
0.669235
0.810472
1.62246
0.336818
2.6289
0.423602
2.75988
0.631598
1.53603
1.3958
1.76239
0.513946
3.24135
0.0186985
0.973439
3.56142
4.36294
1.00617
0.44237
0.564671
4.97066
2.4408
0.143519
0.051654
0.56674
1.38359
1.63679
0.97124
0.56067
1.42556
0.272027
3.74174
1.41882
0.200166
3.20556
0.873572
0.536048
0.263886
1.16728
0.0873262
0.101781
0.409772
1.29603
1.0951
0.513555
0.723575
0.0734611
0.384168
0.0682008
0.710293
0.671633
0.503697
0.281363
1.00241
1.35827
0.0454233
1.89043
2.49252
1.83688
1.58987
0.024749
0.849081
0.0299276
1.19626
0.680748
1.45538
2.68706
1.02895
0.0570872
0.460584
0.0210624
2.17218
0.578444
0.286212
0.88304
0.643402
0.0121603
1.54875
0.763366
0.321699
1.36253
0.490452
0.995886
0.326258
4.29467
1.93597
0.622614
1.02635
1.30204
0.246831
1.35543
0.190039
0.714195
0.119341
0.636668
1.71802
0.0691296
0.365921
0.454431
1.31466
1.7404
0.866458
1.35966
0.570339
0.599681
0.753957
0.402276
2.07836
3.0937
0.665104
2.93559
1.44666
0.212778
1.43734
1.12269
0.159474
0.103042
2.76111
0.28849
2.36616
0.550648
0.428793
0.928197
1.25031
1.1114
0.0341715
0.331986
0.222373
0.10789
2.04361
0.0754886
3.73191
0.0351633
0.285301
1.80825
0.221053
0.30676
0.758283
0.0576201
0.206413
0.46968
0.485469
0.273422
0.0396042
0.210254
0.032115
0.456879
0.893216
1.26106
0.884399
0.664323
1.64304
0.283588
0.667616
1.60272
0.235973
0.463624
0.379309
3.06428
1.64419
0.538773
0.0312123
0.797346
4.01227
1.15621
0.439872
1.79369
1.93519
0.213505
3.17026
0.759732
1.33521
0.813642
5.62289
4.62918
2.46129
2.58278
0.239421
1.28385
0.317549
0.773302
0.806891
0.918649
0.442439
0.0205221
1.42311
1.32531
1.06847
1.45803
4.35118
1.53828
0.904313
0.505683
0.0388227
4.47431
0.334165
1.14651
0.583324
0.716786
1.71236
1.70382
0.775208
0.39881
5.23531
5.76802
0.81
0.660097
0.417388
0.294796
6.23429
0.487542
0.120143
0.258703
0.079703
0.285615
0.154643
2.0013
0.383341
2.62569
0.00963507
0.0657919
1.65839
0.416228
0.0430116
0.81786
0.921447
0.481526
0.259103
0.706597
0.31396
4.44
0.263056
1.06078
1.01604
0.647152
0.133034
2.19576
1.22574
2.42101
0.0493261
0.452589
0.677033
1.37562
0.26055
0.352944
0.687313
1.75059
0.650769
0.0444424
0.0734534
0.228379
0.901432
0.92765
0.175853
1.34365
0.524298
2.08306
2.47467
2.37903
0.427777
2.18546
1.17371
3.15567
2.26171
1.58897
1.15429
0.0521225
0.655621
1.62682
0.321988
1.40832
1.19435
1.11913
1.18584
0.70402
0.903836
0.308223
2.20982
0.0751577
1.78696
0.261749
0.487743
3.05479
1.44945
3.02778
2.08862
4.07154
0.0204382
1.0527
2.74114
0.844286
0.410547
0.215968
2.06218
0.641398
2.84017
0.52481
0.503954
0.887378
0.175157
0.946206
0.0435234
0.171106
0.150438
1.71889
5.26774
0.921523
2.08816
2.07249
3.10931
4.71554
0.882259
0.309374
3.2486
0.419787
0.409429
0.498785
4.46997
1.15809
0.411778
0.0924496
0.256055
0.111253
0.318875
0.41218
3.89811
1.63772
3.54921
0.683258
0.346569
1.22805
0.932467
2.91701
1.29134
0.234811
0.562223
0.014996
0.694314
3.2118
3.62476
0.0618678
1.14278
0.42819
1.80283
3.82842
0.151933
1.0257
2.24563
0.13218
0.877754
0.368661
1.83677
0.626997
0.462253
0.959353
0.928381
2.0731
0.808168
0.900934
0.386288
0.00291945
0.291315
4.08329
0.0937892
2.93316
1.00801
0.517681
0.227747
0.711298
0.094836
3.90108
0.85062
0.891205
0.617593
0.759316
1.17211
0.953803
2.06154
1.62117
0.918079
1.23196
0.226928
0.352085
1.55316
1.12867
2.07625
0.938295
5.22214
0.424828
1.25642
1.68403
2.21228
1.56725
4.07486
1.65417
0.270392
0.366943
1.01425
1.56487
2.3459
5.18096
1.3405
2.75514
0.582179
1.89387
0.0358081
1.24546
1.00769
0.764086
0.826717
0.281233
0.207041
0.786196
0.607243
0.273282
0.904689
1.92744
3.1256
0.0790033
0.585775
0.105239
0.092228
0.676962
0.146977
0.702357
1.86374
2.90841
0.63053
0.0448024
1.62401
3.19004
0.527158
0.0843032
0.171511
2.45922
6.42666
1.42582
0.501288
0.955939
0.253407
0.0525232
1.06712
3.28864
1.41244
0.964334
0.992344
1.65208
1.63171
0.12506
0.170793
0.715647
0.150742
0.594315
1.52309
0.813811
0.236247
0.552769
1.24119
0.472252
0.0612781
0.0667007
0.488096
0.170706
0.665642
0.205547
0.699813
0.363482
2.06976
3.19154
3.16311
2.20071
0.110964
1.37057
1.07815
2.09041
0.847658
0.481059
3.06682
1.37803
4.04199
0.972435
1.70999
1.26773
0.201534
1.11404
1.09657
1.05931
0.141598
7.37964
0.172283
2.83943
0.467463
2.22997
3.82988
0.0363029
0.123721
2.17866
1.29915
0.740966
0.31233
3.01588
0.985478
2.69709
0.292939
0.361839
0.40672
0.0579805
1.88206
3.99414
1.47538
0.209035
0.223762
1.5226
0.985798
2.27333
0.277848
1.79061
3.31643
0.426427
3.24795
1.26541
2.15775
0.0338805
0.691793
0.75577
1.14591
0.20998
3.06801
0.0470364
1.43222
1.88821
0.41953
2.11086
1.5419
1.42884
0.409269
1.88191
0.925689
1.03812
4.0226
0.257481
1.50558
0.627529
1.27989
0.203203
1.38079
0.400322
1.77009
0.895126
0.2645
0.434772
0.697211
0.34809
0.156416
2.30642
0.717092
0.0891348
1.67472
0.261915
0.182895
1.48061
1.52219
2.68773
1.15984
1.17282
0.407025
0.0148387
0.510322
1.07829
1.15862
0.154962
1.07859
0.459047
1.55756
1.24363
0.760579
2.41144
0.71051
0.0906742
0.000113122
0.919885
0.384042
2.04142
0.472441
1.94082
0.301819
0.574468
0.856196
0.613231
1.17458
0.848382
0.378494
2.14053
0.96126
0.666733
1.77028
0.194948
0.0243853
1.49283
1.58847
1.58835
0.425095
0.258646
0.737711
7.06877
0.243595
2.94341
1.45442
2.13667
0.237409
