5200
1.27552
1.37938
4.06599
1.51717
2.35298
4.96344
-0.348037
2.29329
2.08371
2.24776
0.539934
2.57745
0.135236
2.75001
2.46888
0.63237
1.99351
1.29137
2.94122
1.38898
3.78305
2.3776
-0.266996
0.26936
2.52311
1.74821
-0.101855
2.55496
2.72628
2.23178
3.03944
2.01336
1.70418
0.83072
3.47388
0.674551
1.71333
1.7413
1.27479
0.522033
1.71968
2.58988
1.37254
2.80147
1.52884
0.968971
2.83701
2.17213
2.00249
1.64736
3.84831
1.74083
2.73753
1.50428
2.53504
0.565155
2.20127
2.93117
3.19113
2.85102
1.42929
1.61981
3.48813
2.70799
0.799091
3.39677
0.787459
2.22758
2.4555
2.8733
1.68023
0.725226
3.55682
1.92419
2.90043
0.229234
1.63465
0.859051
2.38119
1.01395
1.83176
3.22297
1.65287
1.54371
1.69805
3.06022
2.37373
2.15192
2.88295
2.48552
1.76287
1.06584
1.33931
1.50525
2.33192
2.64078
1.74344
2.84716
2.42961
1.5579
2.28437
3.74378
1.81475
2.54633
0.0386151
0.652207
3.04391
1.40575
-0.292208
1.47818
2.1305
1.4032
2.58606
3.75818
1.53167
3.02908
1.58887
1.92954
1.41099
4.52327
3.01587
1.43979
3.13664
0.421259
2.86216
2.72827
2.37367
2.2826
2.13737
3.24119
3.01016
3.1338
2.52362
2.05248
3.94002
2.37316
1.29604
3.58375
2.19556
3.05201
4.09654
2.19796
2.80117
1.47135
1.02386
0.877145
4.08291
2.85573
3.26585
2.71407
0.819413
3.19511
3.43623
1.62987
1.35398
3.7117
2.35869
1.21134
0.723867
1.14567
2.01222
0.565124
1.92984
4.40554
1.1828
2.35144
2.14675
1.82154
2.04624
3.93515
3.95953
3.62656
1.16908
2.78971
1.93225
0.620178
1.67296
2.71015
2.92474
2.28659
0.699075
0.276888
1.766
2.12027
3.52298
2.73879
2.2547
3.79898
1.01095
2.2386
1.2718
2.07664
1.5173
2.76356
1.90859
2.53034
3.15673
3.09197
4.10937
2.13546
2.607
3.54242
1.32261
2.06587
1.55399
1.65045
2.37705
2.97497
-0.670132
1.23415
2.60708
1.88553
3.50346
1.51868
0.713625
2.07573
2.35696
0.862842
2.61469
2.37201
3.01956
2.08923
2.09077
2.01611
0.607128
2.51066
1.85202
3.18012
-0.33648
2.4517
2.94666
0.86139
2.39658
2.6023
2.88256
1.93756
1.9355
1.477
3.14159
2.08864
1.41005
3.23862
0.786255
1.88892
2.1752
3.38622
3.69488
1.81054
2.37842
4.16074
1.81094
1.97624
2.2497
2.07755
1.9762
3.12755
2.72557
2.7653
2.14848
1.70052
3.75541
2.66198
0.174405
1.76289
1.79382
2.27213
0.681667
2.93399
2.10604
2.83368
3.42876
0.714246
1.01631
0.699664
3.29977
2.37906
2.87619
3.56157
2.90209
2.19013
2.93467
2.04013
5.19906
2.84589
1.72706
2.87819
1.40128
1.65692
1.03273
3.175
1.97802
1.18782
3.94109
2.01123
3.40175
1.75379
3.49231
1.79734
2.43467
2.40288
2.39218
2.28197
1.05634
2.35307
2.99072
2.38315
2.47455
1.65833
2.5331
2.54269
0.789924
2.24768
2.62935
1.57567
0.688282
2.34028
2.30078
1.28287
2.25038
2.73965
0.983573
0.842865
3.58181
2.9363
1.0804
1.34267
3.55934
1.36832
1.49285
3.18727
2.74092
3.67315
2.59587
2.70661
2.91229
2.54996
1.99175
2.71696
2.28586
0.202174
2.26802
1.57773
2.95816
-0.257286
0.930902
1.86417
2.48073
0.343027
4.4934
3.11129
2.96797
0.45896
0.974918
3.08559
2.27299
0.899478
1.2227
3.49301
3.0095
2.61435
3.33913
1.1379
2.79791
1.76344
1.57681
2.76921
3.87228
2.04225
2.12918
2.60078
2.05079
3.79182
-0.0702773
1.89601
3.01598
1.96787
1.46213
1.50694
2.82839
2.556
3.38001
4.12785
1.89113
2.97226
2.19363
2.91348
2.79593
1.77864
3.32304
2.40583
1.71971
3.08487
2.79584
2.28588
2.67051
0.810967
1.16921
2.56675
1.90361
3.58785
1.74818
2.93473
0.0619207
0.0829213
1.74382
2.61869
2.72769
0.96654
0.783775
2.88577
1.91241
1.73391
3.29107
2.27617
2.70719
2.18679
1.7787
1.88763
2.83202
2.10919
1.83282
1.8263
3.11243
2.08614
1.75254
3.17363
0.641084
2.94883
1.78282
2.71186
2.88583
2.4342
4.94286
1.34783
2.9724
1.93749
0.158041
0.931111
3.0625
3.38036
2.72127
-0.239212
3.53827
1.68193
3.35268
3.17035
1.75775
2.27992
2.23818
3.14544
2.77877
2.58128
0.673353
1.72975
1.78759
1.9441
2.96893
3.01478
2.13766
1.55315
2.05525
0.587719
1.86627
0.635842
1.43503
2.44339
4.26458
1.88555
3.11503
1.48484
1.92137
3.68755
3.18569
0.557169
0.815666
1.46803
1.92797
1.86118
2.97709
1.61782
1.23626
1.80623
2.99483
3.27557
0.472998
1.97391
2.80868
1.09919
0.717788
2.20414
2.24737
1.04395
1.98093
4.32444
2.19621
2.77436
1.66244
3.01542
1.70232
3.80499
3.69961
2.39782
2.28141
0.985634
3.24057
1.17118
2.24497
0.470012
2.32389
2.03055
1.01711
2.2046
0.418331
1.0856
1.79465
1.9401
0.80545
3.09166
2.91249
2.19248
1.63974
1.807
0.769919
3.22855
1.28063
2.13965
2.15357
2.58447
2.18938
2.90708
1.64223
2.16295
1.89319
2.51706
0.702604
2.55993
1.99435
2.5839
2.90376
1.60607
2.0586
2.2858
2.21375
2.6449
1.41498
2.58457
-0.985085
1.16277
3.27645
1.99251
2.54265
2.72436
2.41071
2.51987
-0.359524
1.81578
1.03313
1.69848
-0.243347
1.79485
2.62915
2.51632
2.81767
4.3935
3.23215
2.19335
0.613789
1.22502
0.672188
2.13151
1.89196
2.12542
2.46663
3.42522
2.69746
2.21416
2.67664
0.972444
2.00747
3.83684
1.74784
0.163089
3.58238
1.82624
0.402746
0.319043
4.31771
4.02571
2.63563
3.93518
2.74213
2.49808
2.1916
1.08094
2.13907
2.26284
3.84293
1.57698
2.70157
2.3935
1.82624
2.42737
2.43978
0.665813
3.42719
4.16257
0.690426
1.25095
2.05203
2.81614
2.14555
0.230374
3.68107
0.878753
1.70442
-0.0931355
1.71411
2.7625
0.749965
2.3373
2.45475
1.63519
3.51753
0.251321
2.40753
2.01435
-0.225479
2.78707
0.795034
2.25951
2.66869
2.02793
2.37656
2.83057
2.00426
1.64744
3.14836
1.03511
1.99419
1.491
2.03329
1.93777
2.28861
2.53925
1.5936
0.959341
3.12833
1.83905
3.42564
2.99087
2.74134
3.48953
3.13174
2.60266
2.44212
3.02238
1.3152
0.694358
3.63299
3.02036
1.28748
2.16036
3.9208
3.90789
1.47607
2.51117
1.04522
3.69915
1.50215
2.38378
3.34536
2.26094
1.68856
2.08954
2.56836
1.68972
1.29517
4.11588
3.41815
1.33332
0.75089
2.70087
0.995361
0.248856
2.50328
2.59365
2.36582
0.356255
2.73387
1.08427
3.10601
1.74888
3.14257
2.42294
3.41005
4.15897
2.37279
1.64342
0.315637
2.54236
1.92275
1.9861
1.42914
3.28465
3.31116
1.89231
1.48612
3.54097
1.04295
1.33453
3.1081
1.88789
2.7514
1.85761
1.53415
2.96515
2.26831
2.81751
2.79664
1.29651
1.06076
2.15445
3.10785
4.44466
2.56566
1.67394
4.06357
1.59402
2.12312
3.00205
3.76861
1.99428
3.1659
3.24288
2.03838
2.00322
2.55984
2.09271
2.88004
1.42807
1.23022
3.69314
2.21242
4.19111
3.64828
2.8569
2.56755
4.20273
2.24941
1.47152
3.58238
1.90012
2.91625
1.52611
3.47251
3.28925
1.54319
2.48701
1.89647
3.31812
2.17899
2.51386
3.74079
1.98199
2.967
2.5184
1.77086
1.21707
1.20913
2.89753
2.53939
0.98765
3.33407
2.94739
1.35662
3.22872
2.46148
3.18565
1.50347
2.40193
0.956254
3.16834
0.492396
0.650775
0.815883
4.38483
3.13457
4.03838
1.46664
2.21015
2.31001
0.857604
1.72326
0.0281788
2.25188
1.78351
2.73465
2.58403
3.92913
2.76212
1.8166
2.23659
3.29789
3.13226
1.78288
1.74072
1.37684
1.56177
2.82393
4.05666
2.86931
2.83484
1.98959
1.70412
1.22047
3.53725
0.346631
2.91494
1.20507
3.15092
3.14719
1.91219
1.25591
0.191308
0.939561
3.05203
1.37481
3.59131
2.75868
1.55536
1.90262
1.59693
2.9583
-0.386758
3.27795
4.71511
3.03984
1.93355
1.5828
3.2067
1.00308
2.87299
2.00165
2.71333
2.56117
2.09422
2.69849
0.60864
2.61268
2.56799
0.645351
1.44589
2.34741
1.60318
3.52068
0.93788
2.26126
3.13141
2.63208
0.635978
0.586669
2.82516
3.13421
3.7157
3.73404
1.47108
0.772692
2.38304
3.15803
1.51125
2.04919
1.36865
2.54903
1.85035
0.296034
0.751162
2.34541
2.2259
2.60143
2.39106
1.61541
0.0193909
2.73209
1.10871
1.28702
0.551691
1.17683
3.50281
1.94464
2.71071
0.954027
1.35243
1.5784
1.45594
4.29319
2.44362
1.10218
1.8034
1.89506
2.97713
3.05306
1.24142
0.956753
1.03583
2.40464
2.47321
2.83536
1.73715
2.20155
3.12123
3.12454
2.86846
1.05437
0.870174
2.86911
1.64463
2.45805
2.36514
3.8075
1.3448
0.58996
1.30177
1.99368
3.01852
2.92688
2.18403
1.73732
2.28271
1.41632
2.39697
3.33172
3.1953
1.89993
1.86276
1.84367
0.5268
0.549846
0.640275
3.48771
0.0935936
0.929342
0.792238
2.70615
1.81702
3.87714
3.27649
2.97914
1.03013
2.62175
1.56234
1.04632
1.19036
3.06264
2.98763
2.08362
1.33931
1.44679
1.21579
2.54872
1.53212
2.43658
2.25445
3.23251
3.68594
2.99944
2.29188
0.669328
2.90716
2.98871
0.135596
3.21268
1.71386
2.40433
-0.301577
1.59836
1.68052
1.70224
2.39526
2.64146
2.28338
2.7639
2.96185
2.96545
2.86482
2.7924
2.62006
2.37146
0.444287
1.78244
3.3749
3.17248
2.42296
2.64835
0.537446
0.380307
2.30476
0.568143
3.77558
2.9011
3.91145
1.2419
2.07054
2.48917
2.76409
3.10476
2.85545
4.2979
2.05923
2.8174
1.33904
1.6053
3.06298
1.50337
1.06349
2.47503
2.53503
4.48863
2.49769
1.63022
0.627437
3.11649
2.76215
3.8236
2.77465
3.65666
1.79786
2.49297
4.20808
2.30707
3.79213
2.7973
1.20619
0.156676
3.04699
2.42612
2.43149
1.67585
3.09065
0.506607
2.69095
4.37638
2.1597
1.52554
1.01021
1.71073
2.90974
2.14726
2.64435
1.81978
1.09799
1.76616
1.45751
3.78521
2.28949
-0.345265
1.44351
1.7522
2.36893
2.67615
1.74855
2.6723
2.7698
1.33489
2.60522
1.76739
2.35664
1.82351
1.26962
1.91242
1.78067
3.10053
0.81994
0.759554
1.32548
3.4177
2.71121
1.74534
1.96828
2.35992
4.05818
2.75699
0.931432
2.71071
1.7133
3.27339
2.18618
2.26654
4.07766
2.96096
2.87304
2.60584
2.51286
1.33206
0.727694
1.03036
3.27211
2.24837
3.10911
4.12923
1.19956
0.863321
3.07317
2.30169
1.89263
2.34592
2.63402
0.695425
2.71703
2.25303
0.696923
2.08447
1.86529
2.56593
2.95992
2.31198
2.37281
1.08028
2.54494
2.50871
2.52988
3.5085
3.33383
2.11455
2.25663
3.02751
1.5533
3.34867
4.22201
2.87739
0.793678
2.50448
2.35242
1.95018
2.95953
2.36448
2.80896
3.12652
1.27168
1.84279
1.8184
-0.0782761
1.43014
3.48746
2.4566
4.50988
2.86383
1.89461
1.96033
2.3389
1.48122
0.460504
2.10239
2.8031
2.03282
3.36347
2.80535
2.73061
2.45996
2.53627
3.42003
-0.238109
0.517831
1.88122
2.26809
2.19398
3.27411
3.7603
2.12333
3.18672
4.44039
3.19921
3.30513
2.14399
1.48963
4.44782
1.35833
0.610904
1.62222
3.14492
0.632254
2.72091
2.3116
1.33296
2.21338
3.13675
3.42035
1.50565
2.60347
0.0762541
1.98716
2.53965
1.3875
1.87193
1.3568
3.96192
2.57938
2.28519
4.79143
1.05508
1.54168
1.8279
2.16014
1.86877
1.80692
2.9844
1.9992
2.21101
2.21184
2.68349
1.97796
1.67772
1.40356
1.13868
2.49098
0.894346
2.04315
2.14542
4.92099
3.11146
2.26604
2.00191
-0.147932
4.02675
2.83544
3.57908
2.63304
1.61496
2.54693
0.890078
3.94075
4.37562
2.44075
2.88394
3.1583
-0.852281
2.25287
3.0028
3.14231
1.84517
3.41463
2.17106
2.31223
1.30493
0.819713
2.081
0.818833
2.78599
2.04214
2.55574
1.23544
3.0643
2.13429
0.714605
3.10043
1.5418
3.62899
4.59281
1.39383
4.43485
0.368627
-0.615851
0.580648
1.27753
2.01804
2.91532
2.85498
2.44097
1.00966
3.0424
4.3213
0.921326
1.6844
2.88442
1.35964
-0.121005
1.40569
1.66744
1.49977
1.92809
2.74011
2.12497
2.30135
3.24591
2.30478
3.4658
2.03811
1.4372
0.561393
3.36514
2.47069
1.81602
2.64046
1.53119
4.0444
2.27312
4.26559
3.75701
1.92062
0.826244
2.93306
2.04646
2.29409
2.05767
1.78872
2.44529
3.1286
3.2891
1.55743
2.45437
2.14431
1.45617
1.61181
1.30283
0.618525
0.276838
3.48545
3.81434
3.96239
2.39429
-0.117453
0.79305
0.321094
1.5501
4.06466
3.68174
1.11438
3.83884
2.4057
1.50341
1.27507
1.48785
0.783305
2.71242
2.54019
1.06754
0.633329
1.11726
2.45238
1.12133
2.33027
1.81979
4.45768
2.04331
1.65908
1.56532
1.97381
2.24857
3.8849
1.5528
0.827404
2.15254
3.04169
1.98179
0.910244
4.00038
3.74408
1.91226
2.98092
1.70987
0.911108
1.12215
1.91767
1.7405
1.49914
1.08998
3.8102
3.10969
-0.780459
0.362309
2.9076
2.62102
1.4849
1.12642
2.43337
1.46007
1.14816
4.24938
1.51659
3.36384
1.86501
3.55598
3.89187
1.0623
2.4474
1.92983
1.93167
2.77922
0.841954
2.40702
3.27588
2.62457
1.43622
1.8491
1.81714
2.36994
0.860353
1.33729
1.75853
1.89333
2.56306
2.44343
0.743743
2.58022
1.74187
1.08328
3.6582
0.573404
2.18673
1.81465
1.13434
1.98814
4.0005
2.739
2.24706
2.63882
0.016972
3.31771
1.81348
0.970157
3.44633
2.7242
2.9835
2.06698
3.04316
2.3226
1.56827
1.01527
0.860828
2.51621
2.65197
2.15013
2.44114
1.28655
3.2519
0.300287
2.05881
3.84756
3.29346
2.0844
1.9647
3.87218
3.52202
-0.446143
2.54106
2.16124
3.32139
3.53482
3.52252
2.8853
2.13217
2.61454
2.20503
0.892957
1.70128
0.901351
1.58583
2.54078
1.12897
3.59467
2.3547
2.46101
3.85726
1.68023
1.44661
0.990839
2.45302
3.612
1.89377
2.11165
0.920456
3.635
3.83465
1.93006
1.60156
1.8578
2.87824
1.57809
3.75785
1.70785
2.86816
1.07707
4.5353
1.03675
0.556829
1.33264
2.75105
3.60082
1.86332
3.14514
2.48192
2.05539
2.06153
1.53375
1.30489
1.61234
1.73674
0.838094
3.77208
1.90142
1.60335
2.75562
3.03833
3.75619
1.28836
2.69708
2.07354
4.35458
1.66337
2.24999
1.44649
1.98796
2.79439
3.50721
1.00048
1.58517
2.7979
2.31755
3.35511
1.88564
2.97167
3.11502
1.45121
2.31441
1.97584
-0.0153612
1.08078
2.62265
2.33783
3.79813
2.59201
2.49189
0.974244
3.60361
1.42367
2.94354
1.44319
3.09304
4.17871
0.813358
4.49549
0.645962
0.431837
2.10501
4.1982
-0.0690678
2.72882
1.68177
1.05186
2.15806
1.11479
2.8664
1.21366
1.15577
4.37655
4.16636
2.17079
1.63642
1.33593
2.8141
3.25556
1.66584
1.1884
4.6643
2.41565
4.06424
2.35304
4.43045
-0.530769
2.56002
2.70597
2.03583
2.89688
3.53132
3.52323
1.51804
2.28998
1.77017
2.12772
1.14056
1.28523
2.35411
2.9904
1.14437
2.59903
2.29668
1.51931
2.358
0.570061
2.72929
1.69629
3.1368
1.94148
3.45249
2.64689
2.37391
1.49605
1.71776
2.40383
4.64659
2.98272
0.553605
1.04804
1.45087
3.52009
4.04081
2.27459
2.94025
2.28685
0.980619
1.8646
2.40124
3.18418
2.67123
1.98326
0.977463
2.44028
2.36259
2.78105
1.74203
3.39488
3.59508
2.28476
2.34709
3.34621
1.57723
2.73605
1.79064
2.53653
3.0026
2.62976
1.74161
2.62752
1.69644
0.997142
3.11097
1.12392
1.01688
3.05667
1.14477
4.01727
2.58596
3.29936
4.00844
1.16577
1.59466
0.458471
2.3057
0.410042
3.90162
2.04979
3.8265
3.21505
2.26569
2.37167
2.24852
1.74066
1.47718
1.01001
1.63379
1.50586
1.78614
1.5267
3.09697
3.99211
1.09033
3.47068
2.04473
2.94638
-0.279787
2.07013
1.05075
1.73687
3.13553
1.43675
2.28955
3.83312
2.79964
1.35027
1.61956
2.77474
2.23153
2.54595
2.96193
2.40927
1.8082
2.15832
1.76136
2.05216
2.56917
0.124478
3.04929
1.58492
-0.527079
0.486271
2.03596
3.59903
0.79813
1.38474
3.229
3.41784
-0.895062
0.492337
2.07203
1.94497
4.72112
3.51192
2.59104
2.90804
2.3292
1.86069
3.21764
2.5556
1.76875
2.36672
2.96149
1.59905
3.52078
1.27147
2.8545
2.19925
2.1382
0.845652
1.6881
0.673985
0.42629
3.63083
3.70057
3.85018
2.83355
3.3471
1.76697
1.56676
2.01052
1.48817
2.37866
2.57032
2.52371
4.10309
2.64023
1.50678
2.70536
2.78631
3.13673
-0.835846
2.91838
1.61496
1.927
2.3557
2.5779
4.11764
1.80529
3.0686
2.86122
3.49677
1.58952
1.65615
2.78403
2.72754
1.67684
2.09461
1.96306
2.31635
2.11118
1.38825
2.63579
0.80809
2.24253
2.31837
2.16505
2.17239
2.71765
0.880077
3.82782
2.95757
3.73778
1.64875
1.36776
3.00236
1.22538
2.26532
3.08145
2.62274
0.645197
1.44255
2.17175
2.88265
3.56379
1.75291
2.60939
3.72642
0.670666
1.86001
1.84523
2.40908
2.93155
0.28043
0.431925
-0.240098
1.0911
1.55704
2.29527
3.5655
2.05155
2.81605
2.61909
4.87938
1.90829
1.78908
2.1732
2.52023
0.816877
2.4906
1.5013
2.98715
2.58969
1.91429
0.177767
3.21313
0.861762
4.59554
1.64292
1.75678
1.67247
2.15953
1.16537
3.95777
3.34908
2.01256
1.95938
1.67487
0.421841
2.10653
1.74924
2.55225
0.892676
2.26814
2.37345
2.75248
1.5145
1.09277
3.23911
1.88439
3.29236
2.51504
3.53311
2.7314
0.906636
2.82136
3.24619
2.76806
0.737143
2.28287
2.19556
3.03108
2.41047
1.33137
1.84572
2.65478
-0.214544
2.07007
2.90497
1.94327
2.90317
1.64047
3.18502
2.12787
2.97121
2.51119
0.603252
-0.15023
4.27113
2.63554
2.19821
3.16543
2.75169
2.47035
1.13892
2.63031
1.94385
3.1471
1.9114
2.83298
3.11634
1.63393
1.61242
3.20322
1.71615
4.37016
0.636289
2.15536
1.26901
3.06639
3.29909
0.145817
1.13493
2.78259
4.49982
1.81971
2.09988
2.92556
3.9517
1.17676
1.67756
0.145631
2.91257
2.62139
3.31434
0.255258
2.16916
3.4694
0.86302
1.589
2.53489
2.79125
1.35895
0.924168
3.09566
2.26041
1.47021
3.06958
2.89309
2.29
3.19129
1.99107
3.08369
3.37144
2.03885
1.76502
2.71281
1.19758
0.925503
3.43022
3.03497
4.18118
1.66665
0.385392
2.78769
1.86368
2.14596
1.28599
1.98648
3.27338
2.3587
2.94634
3.0979
4.40003
2.30759
2.51311
2.53363
2.75314
1.52085
3.06641
1.51107
1.57413
1.47541
4.22401
3.34281
0.740078
2.45841
0.536609
2.78992
3.04845
1.89938
1.62914
1.99442
3.84683
2.84599
2.20863
1.25344
3.22909
2.15666
0.596657
1.30989
0.110696
1.47312
2.68763
2.34864
2.59203
1.75548
1.81557
1.02639
3.19456
2.88586
0.35203
1.69529
3.19651
1.874
1.90147
3.50885
3.6382
2.57669
3.49187
3.18762
3.9806
3.44867
2.37717
1.28269
0.301119
1.83425
2.07704
3.63181
2.1378
3.18218
1.75562
2.33799
1.82089
2.24131
1.31025
0.817613
3.31325
1.29734
0.0705305
3.59845
0.504226
2.09407
1.85907
2.19603
1.60127
2.2609
2.77383
2.36693
3.62948
2.63946
2.3381
1.99484
2.72085
0.803246
1.95131
2.57264
0.302058
2.95086
2.83777
1.95258
2.60713
2.69099
2.95985
0.549069
2.07667
3.41166
2.57567
1.21338
1.34473
1.99666
1.55572
2.24504
1.79713
1.18667
1.49549
3.11977
2.5613
2.14812
0.887129
1.33938
1.21294
3.46224
-0.065961
3.51972
1.52093
2.66348
3.08516
0.999706
2.98486
1.90695
2.94203
1.87871
3.12691
3.77002
3.38613
2.67124
2.82429
2.43642
1.01653
4.61313
2.01844
0.221682
1.1689
2.62179
2.05751
3.864
3.58028
1.80484
2.37838
1.75611
1.55894
2.8528
4.27921
3.19381
3.76447
2.52712
1.76105
0.962423
2.47461
2.16509
3.14982
1.97258
2.48338
1.98332
3.40139
1.15905
4.07742
1.86513
2.03241
0.535791
3.38824
2.81629
1.17903
2.67105
4.16289
2.59719
3.06355
3.58856
2.5581
2.05118
0.0185097
4.01871
2.41844
2.73284
6.1103
2.71822
2.35828
3.67778
3.10891
4.38137
0.996367
1.23302
1.45937
-0.219898
0.881334
2.29591
3.00513
1.40275
2.54183
1.22863
0.865013
2.15656
3.02854
4.22391
0.713304
1.52848
1.4255
3.52566
1.50135
1.77962
2.12714
1.02079
1.62452
1.95715
1.01969
2.41029
3.00431
3.45198
1.05339
1.6847
-0.173707
1.2247
1.88252
2.34693
0.923551
2.94836
2.3792
1.41119
0.385427
2.11063
1.26922
3.30315
1.82205
2.76983
1.52408
4.04972
1.49614
0.684372
2.63865
1.33508
2.88101
1.71762
2.00326
2.99574
1.07273
2.21432
0.459816
1.21211
2.69753
3.93565
1.96463
1.36823
1.2632
1.96145
1.67123
2.61437
3.58351
2.83223
3.13248
1.63382
4.09248
1.63478
1.83221
2.95267
2.02556
1.24184
3.03167
-0.0170792
2.53821
2.09053
3.1781
2.69265
2.01387
3.10794
0.584103
2.24663
2.59353
2.98031
3.07645
2.85339
2.32562
1.64927
3.55565
2.3263
1.15476
1.1368
3.45367
3.08212
1.41521
3.19942
2.08053
0.684427
1.22083
2.90364
1.82743
1.10587
1.74881
3.35211
2.48983
2.62876
2.18339
3.18705
4.14363
0.31022
2.93234
2.7133
1.23137
3.03181
3.09945
2.61808
2.36715
1.84592
1.45047
3.58628
0.223439
1.99683
1.34401
2.15708
3.96273
0.11634
1.91898
2.28236
0.694078
2.94564
1.79565
0.953871
3.16098
2.96114
3.79917
4.45932
3.4418
2.91794
3.49372
0.249658
4.10181
2.25735
3.49795
2.44756
2.40127
3.21255
1.30734
0.270619
0.594146
1.15483
1.76572
3.98887
3.95507
2.458
2.19766
2.09561
4.02888
2.94922
1.40756
0.612562
1.79776
0.502075
3.61415
1.6759
0.623031
2.52421
2.61452
1.56344
1.6598
0.130662
3.34053
4.08199
2.1584
4.36058
2.70061
0.291571
1.96257
2.52113
2.18156
0.448894
2.0463
0.946892
4.22497
2.91133
1.29086
4.27915
3.02887
2.30538
1.32726
2.3842
2.13475
3.37616
2.36678
1.56604
2.28169
0.142676
2.23363
1.88282
1.4516
0.61894
2.91764
2.67182
1.53275
2.22783
2.97958
1.30271
2.93412
1.36604
2.53439
3.99223
0.630464
2.65228
2.81242
2.67378
1.99279
1.03043
3.06703
0.927828
3.72416
2.43494
2.57713
0.347843
1.60586
3.59377
1.59645
3.09266
2.12862
3.2153
1.96903
3.36209
3.88443
3.07053
1.31701
1.41519
1.4873
2.10023
1.5843
1.57965
2.68806
2.12628
1.07989
1.76352
2.65127
4.15313
3.64321
3.55888
3.6606
2.15968
1.30244
2.8795
1.97393
2.96897
0.732179
1.79102
2.43661
1.08097
2.60086
2.54386
2.43434
1.64909
0.6683
3.18418
0.958869
1.3613
0.672335
2.31182
2.26316
2.73153
3.18202
1.29488
2.42422
2.34931
3.90427
2.78665
0.967531
2.87538
2.20184
1.47716
0.647111
2.74768
2.349
0.501868
0.909444
1.25577
3.76686
1.15208
2.40017
3.07477
1.40662
2.09438
2.52058
1.03882
1.80753
1.12412
1.33291
1.41703
1.80835
2.24857
1.66193
0.56765
1.61568
1.99264
0.411463
2.65955
2.82444
2.12313
1.09908
2.36468
-0.846907
1.08482
1.17041
0.759508
2.98962
3.23372
2.32617
3.36034
5.07212
1.99249
2.50593
-0.228305
3.45877
2.10566
2.39835
2.33448
2.35917
1.72446
1.8152
2.73875
2.02117
1.96817
1.78476
2.50057
2.03601
1.57175
2.02444
2.23924
0.783322
1.1495
3.1734
2.60448
1.95493
1.36347
2.37104
3.08755
3.41002
2.41763
4.00451
2.70693
2.63553
2.21402
2.78839
2.84676
1.55369
0.382315
1.12309
3.02625
1.52245
3.35636
1.49098
1.5182
1.49411
1.83038
1.925
3.32964
1.41702
-0.410209
1.27062
1.43291
0.978339
1.78646
2.38467
1.54176
3.40894
1.73241
2.35615
1.07719
3.56079
1.25067
2.79649
2.23258
2.96909
2.70623
3.13546
0.473513
1.69499
3.97455
0.889639
1.85302
0.793652
1.72801
-0.280516
2.62063
3.0608
0.803068
3.80844
2.47649
1.8034
1.3479
2.32736
2.81156
0.592465
2.32479
3.10817
2.68798
1.23932
0.17544
4.10577
1.77483
2.95382
0.443517
1.14895
1.51416
0.314614
1.83415
3.60979
2.70428
1.96791
0.693617
1.45519
3.28758
1.90902
1.7436
3.84802
2.84705
2.58364
2.88226
3.58637
2.59827
3.14825
1.54722
1.03117
1.07811
3.47936
2.85401
1.34628
2.89539
1.80269
0.633344
2.2541
0.722052
2.99957
2.1719
3.20715
2.50527
2.66727
1.77874
0.0989733
2.19961
1.5496
2.53745
1.86098
0.546845
1.35915
3.86389
1.63082
2.20592
0.883479
2.14254
3.86027
2.74518
0.466115
1.73444
1.58875
2.00108
2.1678
2.04242
0.826983
1.75305
1.9345
2.83629
0.994384
3.08626
2.2635
2.32097
2.70548
1.97674
2.6228
1.15577
3.05165
2.55985
0.0595099
0.588582
1.41595
4.15529
2.56053
1.54655
1.78017
2.65969
4.39427
1.13806
3.65164
1.31237
2.42595
2.47049
2.41097
3.01852
2.66826
1.47515
0.364563
2.17749
3.71825
2.61763
2.77215
2.42302
2.4444
1.29774
3.1906
0.913447
2.58154
1.92637
2.90772
1.33677
1.92009
3.10296
2.93493
3.21753
3.25267
1.14143
3.08516
1.89938
1.92708
0.733327
3.19295
3.92548
-0.0469318
2.03863
1.79822
2.15397
2.17548
5.23092
2.07804
1.51828
1.81121
2.98633
3.49594
1.8387
1.83123
2.36332
0.566148
2.31818
3.73789
2.17993
1.4153
0.557982
2.3025
1.07445
1.01106
0.348779
1.68216
2.60886
3.85573
2.84183
0.955748
2.35751
2.80371
1.4857
1.91526
1.89919
1.33443
1.44742
2.56802
3.02643
2.29028
3.84469
3.40371
0.629565
3.4761
2.1017
2.21731
1.77382
2.66428
0.456611
2.13258
1.44808
2.10485
4.20398
1.97885
2.80144
3.08309
1.2615
1.96995
2.46467
0.449507
1.57387
0.797794
1.94662
0.779061
2.13122
1.3198
1.08678
1.93271
3.29128
1.55357
1.64027
3.73698
2.36017
0.455601
1.5444
1.91926
1.26515
3.17615
1.60871
1.79963
2.16317
0.586001
1.81615
2.54282
2.79322
1.39268
3.35274
1.44535
2.87859
4.2054
1.76623
1.29558
2.63791
1.15083
0.742312
3.59094
2.8348
2.12553
3.95355
0.768786
1.39548
1.11898
1.69561
2.67735
2.50465
2.26997
3.12723
1.71801
4.72404
3.18083
3.37352
1.70811
1.42088
3.09913
1.086
3.828
3.19232
0.115042
2.67165
2.28334
1.33601
1.81856
2.06872
3.81697
1.28201
0.456142
3.7355
3.01952
1.8556
2.28352
1.42366
1.61127
2.5886
0.847364
3.15464
0.453541
2.85246
2.08817
2.53468
1.81144
1.80293
2.10145
1.70627
1.69562
2.0437
2.70304
2.08027
1.54436
2.00707
2.88437
3.95239
1.90651
3.51957
1.8054
3.32727
1.39424
1.36328
1.65658
1.64629
0.9042
2.55326
2.87178
3.04638
1.98546
0.192905
4.63683
4.14428
3.43494
0.228328
2.79057
1.56224
2.26939
3.61046
1.51951
0.647909
0.672048
2.02953
2.57395
1.88702
1.08949
2.26218
2.34038
3.23774
1.48539
3.15493
1.62421
2.73489
1.559
2.60705
2.60473
2.88464
3.3341
1.71514
2.55945
2.43735
1.36342
1.46193
2.85127
2.35063
3.18531
2.88124
4.07202
2.14445
2.51805
2.49268
0.831841
0.656262
0.810573
3.11321
0.746635
1.45922
2.34103
2.70012
2.01676
1.69564
1.62144
2.35296
1.26901
2.81754
1.86727
3.51707
4.35137
1.69117
2.34341
2.68411
1.84884
2.61991
3.77394
1.3367
1.70632
2.19823
1.76479
1.75263
0.800884
2.16505
1.59514
0.943125
2.20577
2.08775
2.05643
3.20324
0.154464
2.70063
2.65132
2.96679
2.70844
0.708644
1.57315
0.691576
2.70805
2.64021
1.97145
1.49622
1.99259
1.84855
3.45434
1.85683
0.677686
2.84264
2.74548
1.58988
2.13867
2.62446
0.666355
2.31432
3.6824
0.824798
2.27694
1.00984
3.38041
0.145527
0.771706
1.50703
2.56288
2.95789
0.129499
2.5313
1.72314
0.394768
4.27009
3.45656
3.43091
2.08142
1.88081
2.20785
3.08401
2.89345
1.71187
1.87512
1.27497
3.07189
2.14874
2.23161
1.8219
2.47899
1.11528
2.44811
3.18028
2.65072
1.29676
1.7364
3.84949
1.81639
3.05728
3.04027
0.685828
1.34566
2.91654
2.66887
3.34839
3.44361
1.2177
0.643752
2.66159
-0.319652
3.50244
2.95579
2.2845
3.33873
1.96845
2.80622
3.51717
3.03268
2.321
2.22506
2.77967
2.16795
2.29183
2.7561
3.32047
1.59247
1.54558
1.8394
0.57476
2.06504
3.78605
3.17822
2.01204
1.26965
2.12615
1.58856
1.16364
3.04103
1.99374
3.09625
3.35746
2.78686
1.08915
3.26892
2.59301
-0.136514
2.76382
1.8982
1.56409
2.21131
2.94937
1.29368
3.96341
3.26521
3.37756
4.18037
2.88169
1.18567
2.11785
1.4939
3.40012
0.574395
0.130002
2.13507
3.39717
0.917519
1.531
1.694
2.47775
2.38758
0.978526
2.34092
1.87877
2.30453
1.05935
2.78346
2.98759
2.95753
2.55326
2.06363
3.84125
0.575169
1.7578
2.39686
2.25549
3.17612
2.97412
1.97543
1.88374
2.74286
3.83632
1.59908
2.36059
3.92054
2.63251
0.693681
1.81117
1.98241
1.77647
3.38728
0.77985
0.974111
1.68321
1.27144
4.02406
2.37511
2.79657
1.04005
1.80496
1.83441
3.04273
1.92083
2.18345
2.40474
2.22383
1.95185
2.91888
0.295302
3.32979
4.74964
1.85692
2.51073
1.37733
0.857545
2.92844
1.06345
3.45722
2.2716
2.78079
3.03158
2.1993
4.28773
3.46269
3.26141
1.42863
2.45019
2.83109
2.00673
2.51753
2.55659
2.57432
2.48677
2.14111
2.66786
1.88774
3.85384
-0.799183
4.2992
1.65243
2.59298
3.38289
3.81803
2.09023
-0.144187
3.44789
3.21514
2.91654
2.1281
1.04717
0.606107
1.94056
1.85127
1.59689
0.986505
2.40247
2.9549
1.92399
2.27717
0.991332
0.542659
2.61011
0.60527
3.00042
2.1789
2.67068
2.17668
0.0428319
2.37902
4.43199
3.02439
1.27691
3.3624
2.25381
2.57165
1.38701
1.22645
3.14639
2.07726
2.49505
1.51926
3.724
2.31575
2.63328
2.26252
2.58884
0.009483
1.01869
2.17345
3.06617
2.70099
1.34158
1.24086
1.61685
1.74378
2.39046
2.55002
2.32297
2.08674
2.82376
3.56229
1.0412
1.99972
2.32938
2.31902
1.12399
2.52638
1.11524
1.6143
2.01188
1.37739
-0.304023
1.91388
1.52965
3.41896
1.44877
2.06115
1.94736
3.42524
2.67172
0.80417
3.13986
2.25379
3.33195
1.70224
2.04379
3.25963
1.9606
1.56352
2.56494
3.17058
3.07511
1.94244
2.34061
3.36289
2.65244
3.08005
2.71016
3.00569
1.39643
2.93712
0.402313
2.55194
1.38748
3.77884
3.05636
0.575883
1.31511
3.24248
2.91111
3.24966
3.66034
1.58651
1.93968
3.05173
1.61505
1.15902
0.408984
1.99905
1.91241
2.04864
2.15056
1.09402
2.62559
1.59634
2.48329
2.12988
0.0589392
1.23449
1.25499
1.04784
2.51554
4.26322
2.9227
3.80633
3.85549
2.97011
2.41136
1.87413
2.96398
2.16892
1.61165
1.77661
2.09819
1.89898
1.75533
5.04577
2.7757
2.2624
1.73549
1.84146
2.03626
3.64201
3.30494
2.33177
1.00554
1.27043
2.01411
0.385797
2.35616
4.30883
1.62069
3.94186
3.57857
0.381958
-0.0438678
1.84282
2.56225
2.63377
1.4847
3.02019
1.21441
4.55903
2.76058
3.18977
2.72347
3.18349
2.84323
1.94059
2.76232
2.71016
2.72412
2.55858
1.91464
3.0502
1.92426
1.82168
2.819
2.23778
1.07866
1.43276
3.1905
1.84831
1.74693
1.87638
1.13481
3.83562
1.47966
3.68712
3.75037
2.58727
1.22709
1.85369
1.20208
0.574903
3.69567
2.37678
1.26138
2.62122
1.82972
4.40534
3.66943
2.27279
3.3635
2.0787
1.8525
3.96295
2.21554
1.66918
3.03376
3.26053
1.40329
2.35936
2.09838
2.56665
0.967271
3.27002
2.28604
1.70895
2.80875
0.995187
1.3087
4.03049
2.85049
0.915874
3.24481
2.3425
1.19337
1.88949
1.31958
5.15063
2.29545
0.540676
2.4423
1.51905
-0.01886
2.25844
1.32396
2.03656
0.398758
4.07356
-0.0883376
2.99332
2.89882
0.964178
3.32054
2.28685
3.16396
3.01355
1.22281
1.91448
3.97936
2.32144
2.57764
1.64597
1.15813
2.2381
3.23722
3.15125
2.1645
2.91968
1.34356
3.07182
2.11089
0.430628
3.34506
1.78428
1.81387
3.14977
2.19567
2.78537
2.80359
1.31937
3.38203
0.974754
2.75421
2.64246
2.93837
2.09012
2.5463
2.20422
1.38551
0.185357
1.14712
1.96865
2.82677
1.36848
3.39484
2.53315
4.80922
1.93605
1.21687
1.6838
1.53551
2.30843
2.28127
3.49048
1.68923
2.06664
1.983
4.06153
2.44111
3.60146
2.46528
0.94659
1.86692
3.21599
2.25299
1.00999
1.84759
2.26365
3.56645
1.4605
0.907017
1.44415
2.1872
2.45402
2.99735
2.4057
1.3486
0.702396
2.36931
1.00084
2.3664
1.7585
1.0163
1.65904
1.92541
2.48293
0.862729
1.87876
4.55865
0.877242
2.18697
2.09332
2.02705
1.63626
1.17794
2.17555
3.26244
1.84857
1.84453
2.31224
1.53314
2.39685
1.50714
2.3021
2.68378
2.08892
1.53498
1.83226
2.37755
2.59584
3.5696
1.36983
1.35876
1.36406
3.41416
0.88614
2.41553
2.82462
3.22949
0.511579
2.92193
3.16239
3.68765
0.704633
1.5888
2.47053
2.93698
2.50985
1.72197
1.74149
1.05574
0.588362
2.5118
4.03164
1.68624
1.79391
2.76543
0.64385
4.16077
1.94453
3.53874
1.98949
2.35424
2.38715
2.02081
2.69729
2.39994
4.00756
1.99114
0.94104
1.96869
1.42108
1.61103
2.19014
0.195202
2.54242
3.8467
3.26681
2.95028
2.26119
2.86042
2.35308
2.07863
2.30452
3.1131
2.64873
3.25693
1.65125
0.424005
1.94837
0.275855
2.6163
1.30918
0.492602
0.257997
2.6517
2.18809
0.623247
3.338
-0.272188
1.96623
2.50215
1.93899
1.37159
1.74316
3.16072
2.09535
1.78438
-0.568296
0.919004
0.726362
1.63567
1.79187
0.973074
0.903228
3.06768
3.77643
1.63238
1.03336
1.87644
0.674012
1.89295
2.12117
2.86969
1.82442
2.24348
3.02939
3.36522
0.188601
4.96289
0.973962
4.05409
3.07302
1.71918
1.24813
2.54784
2.90911
1.17031
2.14143
2.90858
3.55919
2.99515
3.66734
1.79284
2.03369
4.01727
1.86551
2.12556
1.70632
3.62421
1.28438
1.6126
2.65631
3.66004
2.3526
3.70228
2.64355
2.11158
1.54364
3.26365
2.31324
1.39877
2.34064
2.21366
2.19914
1.88302
2.24826
2.50489
2.38048
3.35274
2.53781
2.22729
2.61871
3.75098
2.51799
2.3769
2.21472
3.22113
1.81934
1.03852
1.48675
2.77944
2.49345
2.00187
3.14193
2.39177
2.31087
2.50461
1.4689
1.8152
3.35503
0.580355
1.26925
1.61297
1.48902
2.38666
1.52023
1.54511
2.47009
3.83532
4.9771
2.88194
2.64087
2.11585
3.50444
2.87803
1.30949
3.47095
1.51789
4.37476
1.04779
1.99969
2.29594
0.809507
3.05499
0.985906
3.6435
1.57098
2.04083
1.27502
2.44795
1.22864
3.37701
1.2436
0.82321
2.44399
2.17344
1.7235
2.15583
3.16408
3.05736
3.5192
2.37824
2.12803
2.29423
2.39431
-0.346512
3.76834
2.35666
1.70516
1.55739
2.01977
1.95272
2.4397
3.24042
2.72648
1.6438
1.64495
2.39256
2.39484
2.57564
1.87695
1.46598
1.94769
2.84988
2.2337
1.35975
3.14461
2.81057
1.12221
3.89336
0.935625
1.69215
2.20162
2.70038
0.88576
1.54833
1.65777
2.09705
1.85421
3.08251
2.30737
0.921471
3.06263
1.4878
2.82613
1.71597
1.61276
1.65989
2.96048
1.33591
0.541753
1.74523
1.22182
2.73918
2.8401
1.8855
1.89015
2.16869
2.22451
3.22833
2.04149
1.5122
3.07118
2.44109
1.54572
2.35917
3.23369
3.55427
3.16953
2.02225
1.14147
2.25651
0.392934
-0.299557
1.80933
2.64821
2.5091
2.50998
1.9901
1.01817
3.06385
3.35087
1.87222
3.26747
2.96882
3.14149
2.91493
3.8949
1.22347
2.16594
1.98017
1.49342
3.73095
1.10383
1.59767
1.71317
4.26311
1.63527
1.49578
0.753796
1.0379
1.39686
1.34289
1.45405
2.10439
2.30306
3.81846
1.2461
3.60148
1.91507
3.55998
0.354635
2.97734
2.55773
4.37035
2.07527
2.49011
2.09045
1.92065
2.89993
2.12538
1.41989
1.39587
2.6002
3.86084
2.3251
0.948862
2.26815
0.630456
2.48497
1.86987
2.95327
1.51226
3.1892
1.57458
1.46044
0.715479
2.03874
0.907966
3.93555
2.15937
2.09355
2.25771
3.6635
1.85855
2.33334
1.64775
2.88003
3.15079
1.3493
2.49896
1.96045
2.71135
1.67549
2.32121
2.38081
1.28198
2.51503
2.80772
4.36294
0.0829978
1.93027
2.10424
1.63253
3.74684
1.85957
1.81144
2.29337
3.27421
1.75879
2.48579
1.96824
2.76115
2.78291
1.86167
3.34793
2.71916
0.623242
2.35363
3.2256
0.0987278
1.93372
1.31071
1.97288
2.44412
4.42634
2.09702
2.52547
3.01741
2.06499
2.37343
1.18646
2.53854
2.62622
3.17845
1.42264
3.54343
4.21042
2.65405
1.63683
0.296587
0.840334
1.44895
1.79015
2.34737
2.72989
2.93188
3.92452
4.0132
2.08812
2.8854
3.22764
0.315147
0.69876
2.81908
-0.482226
2.02652
1.96777
1.19506
3.06906
2.05262
2.0399
3.74523
1.73409
2.51576
0.997102
3.32666
1.89386
1.52017
3.05375
2.22086
1.67217
3.11948
2.11475
3.25623
2.99482
1.08513
1.63351
3.03524
2.25368
2.31507
2.32863
2.02107
1.00522
3.12994
1.75425
2.18003
3.29683
4.31105
3.2245
2.84616
3.70929
2.42642
0.766102
1.37739
2.31876
2.41819
1.18527
0.691024
1.27576
4.94768
2.41884
3.29641
1.82759
3.04226
2.27206
0.227984
2.31598
0.743034
3.06898
2.0867
2.57506
2.68033
3.18514
2.51246
3.06254
2.48208
2.65876
3.18377
2.94802
2.83105
0.927247
1.68397
1.90493
2.66298
1.47528
0.912603
2.06639
2.67404
3.90831
3.45937
3.39392
3.941
1.849
2.28433
1.05839
2.53808
1.06372
-0.559401
2.22434
2.30111
3.88806
2.69341
2.13916
2.58614
2.67515
2.49626
1.49496
2.34645
1.99456
1.41962
1.68727
1.57493
2.86021
5.02123
2.1977
1.94727
1.47803
1.47242
2.6229
2.12041
2.94442
1.94445
4.10426
2.5008
0.977697
2.29031
3.02889
4.20396
2.16746
2.80432
2.15138
1.14755
2.66714
3.09194
2.57754
1.76766
1.54459
3.33293
1.04872
0.730119
3.01938
-0.327644
0.934851
1.37374
3.01884
2.49146
2.38485
3.02234
0.628238
0.810765
0.962799
2.80894
1.76173
3.64305
0.479846
1.89021
2.80936
3.22394
1.19936
2.23423
2.67113
2.64489
1.12513
1.06361
2.17285
2.12496
2.00245
3.14678
1.47825
2.82197
2.0318
2.99281
1.26705
2.95119
0.371204
2.92385
4.16728
2.04182
1.77664
3.22895
1.5679
2.06838
3.42422
2.83929
0.878092
1.49015
2.33072
1.04871
4.38801
1.4377
2.87623
1.14126
1.39121
3.22162
3.12388
1.43702
2.59037
1.56248
1.18175
2.2451
0.468042
1.49204
1.10326
3.29658
1.67346
2.05023
0.926521
1.29651
1.93402
2.52104
2.24076
2.43183
2.67009
1.9601
1.12014
2.31119
0.746472
0.176493
2.87851
1.70526
3.21679
0.727143
2.48
1.72184
2.03294
3.12981
1.81582
0.70579
3.79937
2.32859
0.881658
1.52703
2.55502
0.449081
1.58921
1.03801
3.03145
3.14661
3.0349
2.62406
1.17059
1.66631
3.27719
3.24393
2.49238
1.38019
3.79291
1.81775
1.46748
3.95131
0.768689
2.3355
2.10028
1.78977
1.85945
0.702473
3.82235
1.67212
2.04026
1.50115
1.77249
3.19634
0.995388
0.340874
1.43841
2.33216
2.57963
2.35454
2.32741
3.05946
3.25258
3.40933
1.13173
2.19441
3.59387
1.88106
1.0899
1.31181
1.93782
2.30917
2.12843
3.31274
1.74068
1.60226
1.32243
3.04891
2.57456
0.72864
1.65678
2.01646
2.99921
3.4478
2.8306
2.12693
3.48147
3.35299
1.4835
1.13993
2.48661
2.47228
1.97109
4.58767
3.16104
2.28899
2.97762
1.78274
3.42501
1.4214
2.74191
2.06775
3.74275
1.1888
2.89047
-0.448024
1.53941
0.584756
1.0916
3.04874
2.69543
3.37505
1.88595
1.58007
2.33407
1.01953
2.22805
4.3154
2.28086
3.36113
1.00791
2.41041
2.36231
1.06232
2.32189
2.11671
3.49704
1.64265
1.76654
2.10166
2.07622
1.48538
2.9244
2.80056
3.70756
2.89966
0.70342
3.24504
3.79034
-0.40902
3.84724
2.75061
1.20757
1.66498
1.80977
0.998754
2.57028
3.3396
1.65365
2.17975
1.49459
0.696091
3.74152
2.2003
0.852968
1.85385
1.71793
3.95298
2.91154
2.12436
4.01179
3.94157
1.46883
0.891713
1.43645
2.78397
1.3005
2.14234
2.18064
1.36053
2.06099
0.965641
3.25988
1.49061
4.04701
1.1496
1.80475
1.89891
2.77477
1.45566
2.29504
1.10401
2.51794
1.61262
1.60433
1.22836
1.33115
2.27731
2.08093
3.02999
1.3293
3.47398
3.7302
2.01046
1.26936
2.29829
1.66244
2.38476
-0.458361
2.91151
2.10193
2.71214
3.79239
0.829413
2.10821
1.63258
1.5403
2.20411
-0.436989
1.16196
1.59696
3.75681
4.02613
2.39799
1.66007
1.63547
2.47867
1.73403
1.15366
2.78852
4.0069
1.65872
2.24639
3.04798
3.18437
1.57824
0.960117
1.16429
2.51384
1.73728
2.31215
1.17949
2.22643
1.56123
-0.79855
1.9157
2.74884
0.848126
1.42116
2.42414
0.878878
2.63509
-0.0424147
2.31172
3.11962
3.70592
2.74435
1.67648
0.64173
2.08115
2.26261
2.22654
0.256134
2.01332
3.1404
1.23834
2.96896
1.89369
3.44675
1.64729
2.97764
2.18864
1.29502
1.06817
1.2064
1.15519
1.79974
1.96126
0.0649998
1.39242
2.23731
1.52256
2.55266
1.15101
1.89079
0.172764
1.29166
1.90325
0.96121
0.734915
1.53644
0.822523
2.75154
1.23681
2.26052
0.935672
1.02643
2.6918
3.0957
1.48184
2.03894
3.05481
2.71096
3.92918
1.9811
1.76521
0.698416
3.23169
2.51246
1.98961
2.15104
1.8296
0.409091
2.4625
1.20001
2.83543
2.33115
4.3017
1.09685
3.37708
3.32923
2.17727
3.21426
2.40165
2.00522
0.522977
1.53765
3.64557
0.715982
1.80828
3.18723
2.17973
1.49692
-1.06803
1.29841
1.85333
1.16063
2.1191
1.59001
2.54843
0.872316
3.01163
2.80512
3.57918
1.49261
0.265291
3.62782
2.47829
2.31476
0.656967
0.259855
1.06366
2.50184
2.67843
1.00235
3.55154
2.21267
1.41925
2.90657
2.60165
1.42698
2.15016
3.25958
2.5737
2.34197
1.59564
3.11988
1.65028
3.13014
2.23592
2.26446
2.85644
3.79015
0.664534
2.19853
1.96571
1.22773
2.42637
2.20882
2.20486
1.79092
3.22974
2.73395
1.26246
2.95079
1.08937
0.560851
2.56322
2.72681
3.04212
0.807813
1.73985
2.72889
3.05674
3.40314
4.01389
1.05306
2.41268
2.61146
1.15746
2.25088
2.41551
1.40725
2.66397
3.08397
1.49708
1.51128
3.11332
4.20556
1.66022
3.66188
0.956106
2.41737
2.90561
2.85829
1.4561
2.14727
1.7
2.62714
1.72152
1.43825
1.27988
0.987974
3.12903
1.97273
2.85548
3.50932
4.16579
4.18805
2.68587
1.73897
2.03231
3.36936
4.70848
2.51546
2.23439
3.41686
2.65929
2.50082
1.64927
0.891275
1.42265
3.47484
0.330262
1.62928
2.88879
-0.105289
0.799072
2.19332
1.25263
2.84821
2.43185
3.47671
2.5523
0.47065
2.7191
3.1693
1.14974
1.37146
2.84444
3.7035
2.42717
3.03891
3.42479
2.76519
2.57546
2.38381
3.37625
2.12889
0.588305
3.34805
2.89364
5.13671
2.34978
4.73353
3.21373
2.60875
3.44375
0.405953
1.95736
0.82839
1.68174
2.13862
3.61431
2.0965
2.62082
2.15286
1.74999
1.8856
1.59704
0.508556
2.56435
1.29435
2.71056
1.82427
3.29695
3.16189
3.13163
0.192282
2.21545
1.27821
2.77536
1.65602
3.56708
-0.116261
3.49123
2.17259
-0.513487
2.3762
1.61561
1.08487
3.27352
0.990611
1.7028
3.73998
1.34855
3.28988
1.4575
2.73468
1.20367
3.18219
1.69271
3.16169
0.937471
2.17326
2.71617
1.35204
2.78801
3.01668
2.2456
2.20235
2.0616
1.47336
1.55502
3.71241
0.862774
3.8091
2.37042
2.32964
2.40623
1.98217
1.88066
2.20052
2.1527
1.6413
1.68287
1.85957
2.17308
3.23109
1.25327
3.20915
1.67392
3.02853
0.463621
2.13841
2.59877
3.53194
0.72981
0.998472
2.14417
2.80539
1.03906
3.58203
2.36501
1.89187
2.85253
1.79164
0.455864
1.63731
3.3812
1.36501
2.35386
0.455047
1.59661
1.77856
1.6578
1.73455
1.45105
1.7904
2.03957
1.49225
3.1415
2.60464
2.76617
2.95657
3.14304
1.36084
3.36405
2.53217
2.32147
2.02693
2.863
1.91794
0.859237
3.23027
0.406187
1.8713
1.70253
1.79518
2.86027
3.41463
1.85623
1.33905
3.56506
2.90573
2.03911
2.21808
2.0968
1.5796
-0.239927
2.0623
2.21542
0.271462
2.84584
1.05151
1.61605
2.47444
1.97858
1.42509
3.38875
1.74228
0.802879
1.34643
3.65271
0.974977
1.45338
0.708334
2.55516
2.09701
1.21242
2.82148
3.45276
0.430516
1.8663
2.49309
4.39318
1.72766
3.3529
2.38441
-0.441221
2.85271
1.59426
0.719159
2.20756
3.0342
2.81266
2.95722
3.29276
0.752534
2.16095
1.63059
0.921305
1.24155
1.65886
0.337323
3.45466
2.77988
3.22724
2.14088
2.58431
1.85589
2.30696
2.81399
1.07399
2.33086
0.798521
2.44564
2.7901
3.38346
1.38007
1.00056
3.28266
2.07304
2.17029
2.00135
3.1144
1.89331
0.887574
1.48777
2.39128
0.0520709
2.35308
1.95915
2.51758
2.11861
2.42963
0.826636
2.32475
2.55904
3.13148
2.85373
1.18157
4.28507
2.65043
2.96378
1.57896
4.83328
0.306029
2.84248
2.11139
2.3419
2.73909
3.42341
3.62049
2.46179
3.42889
3.27591
3.06068
2.01628
3.72683
1.11079
1.81484
2.09232
2.5667
1.62769
2.91342
2.18171
3.21288
2.11566
1.6738
0.653254
2.33089
0.137619
2.59194
2.83877
2.50847
1.51076
1.86196
1.74951
2.82382
0.553175
3.86358
2.13593
1.85512
1.80316
1.85413
2.59436
1.43079
2.18256
2.11357
4.6342
2.82325
3.60974
1.19707
2.64423
1.70865
0.478914
3.20886
3.2988
1.96184
1.81196
2.42858
1.42172
0.963582
1.76405
1.25321
3.7057
2.98602
1.74961
2.38571
1.82997
2.3049
1.51636
3.41478
2.69082
2.63551
2.64465
2.96044
0.63137
3.85237
1.12163
1.57853
0.843655
0.338137
1.94675
1.89874
1.6625
2.66966
0.704511
1.6254
1.48364
1.32289
0.578333
2.5664
1.89774
1.73273
1.72029
-0.692598
2.23895
3.13632
3.03688
1.62638
1.94504
2.65637
2.30003
2.22689
2.655
2.07597
2.72659
1.77023
3.08228
0.665278
2.96755
1.75758
2.34313
2.13505
3.41497
1.57908
2.22865
2.78481
3.38837
1.73962
0.846737
1.29979
2.17174
1.03076
3.31226
3.44638
1.45049
-0.36281
2.55472
2.50818
2.67592
1.91774
2.96754
3.79552
3.38595
1.84122
2.07101
1.58329
2.06558
3.03795
1.65815
1.60603
0.740645
2.60159
2.33148
3.44343
0.140556
3.43976
2.86639
3.41991
1.92985
1.59242
3.55048
3.81627
1.5529
1.80316
3.77088
2.50424
2.23427
1.33747
2.78753
2.9587
2.08783
4.68985
3.22838
0.787241
1.82676
2.39234
2.4565
3.20902
2.51263
3.79953
2.55325
0.725515
1.72602
2.14659
1.6921
2.16548
2.6469
4.76175
1.55426
2.44671
2.41757
0.62228
2.35681
4.14535
0.581913
3.54784
2.37821
1.72528
3.18547
1.3632
3.37933
0.878348
0.3666
2.81517
3.13248
3.1623
1.74937
1.85959
2.32018
3.86321
2.08563
3.05411
4.04538
2.51475
2.99599
1.14805
1.96008
2.23311
1.57484
3.29859
1.5498
2.37967
1.17482
0.588977
3.07071
1.64176
1.70773
3.06743
2.15553
2.54494
0.72091
3.64947
3.86995
2.74011
3.55989
1.54899
1.45887
3.58926
2.15843
0.105838
1.81513
1.99168
1.7454
0.946286
4.15096
0.976577
1.4005
2.46805
2.3299
1.73425
2.82105
0.273754
1.39113
4.19177
2.30941
2.33906
-0.331665
2.02311
0.290279
3.47407
2.21846
0.953408
1.29531
1.55831
3.44187
1.68581
2.52117
3.66817
3.26485
3.60808
2.63594
3.18848
3.22276
1.1375
4.23714
2.00144
3.03846
3.31019
1.74068
1.83712
1.65757
3.15359
2.3204
2.42416
0.975149
1.36888
2.63397
0.893126
0.141417
3.16288
3.01765
1.45966
0.397456
1.41697
1.65958
2.72547
1.19544
3.47941
2.82763
3.45978
2.39392
1.08441
0.607052
1.41701
1.68228
1.58714
2.1403
1.57264
1.21804
0.924554
3.26876
2.88074
-0.328446
2.1849
2.30795
2.01035
1.38713
4.44895
-0.654578
2.83479
1.55304
1.24536
1.20297
3.13353
3.49573
2.55141
1.46772
2.12709
1.26776
3.12709
2.42095
1.17159
1.85336
0.731922
2.55778
2.12204
2.92795
1.51901
3.09831
0.8511
3.20736
3.43106
3.19858
1.11728
0.68347
3.46504
2.02282
1.5539
3.78989
3.92255
1.07985
1.4509
1.68203
1.88594
0.262324
4.26574
1.66143
2.29864
2.43331
1.01188
2.86706
3.29852
2.82393
0.747417
2.10001
2.01016
1.75257
2.15248
1.58076
2.99506
1.93322
1.74745
3.35914
2.20118
2.17799
0.911993
3.18924
1.67154
1.4507
2.15891
1.83525
3.46499
1.77982
0.635904
1.39203
-0.5606
3.21651
4.98259
2.81886
2.38727
1.42328
2.03952
1.27802
1.40544
2.15092
4.43181
1.70936
2.51373
1.15296
2.11679
2.57744
2.49796
3.29159
1.88519
2.00087
1.11784
2.27891
1.75084
0.190161
2.13133
2.54858
3.73278
2.28161
1.11885
2.49486
1.46223
2.03276
2.09629
3.08586
1.72078
2.15103
1.86001
0.05942
1.10203
0.700759
0.583165
1.85401
3.16727
4.74502
2.72897
1.86062
1.91669
2.01561
2.66737
1.33329
2.84046
2.3555
2.82938
1.2801
1.52728
1.69287
1.02102
3.00828
2.63272
0.98875
3.01675
2.07764
3.16041
1.77939
